144.3515 12.5000 65.5060
144.5000 12.5714 66.5407
144.6503 12.6500 67.7705
144.8000 12.7335 68.0868
144.9090 12.8000 68.5827
145.0000 12.8583 68.7275
145.1331 12.9500 69.0386
145.2500 13.0349 69.1290
145.3368 13.1000 69.2032
145.4500 13.1846 69.0948
145.5381 13.2500 68.6653
145.6500 13.3311 68.3261
145.7449 13.4000 67.9947
145.8500 13.4762 67.9906
145.9479 13.5500 68.1761
146.0500 13.6292 68.3306
146.1358 13.7000 68.7297
146.2000 13.7558 68.7297
146.3003 13.8500 68.8015
146.3500 13.9007 68.8015
146.4387 14.0000 68.8015
146.5000 14.0776 68.9582
146.5515 14.1500 68.8015
146.6000 14.2249 68.8015
146.6441 14.3000 68.7297
146.6713 14.3500 68.7297
146.7207 14.4500 68.8015
146.7500 14.5163 68.9582
146.7852 14.6000 68.9582
146.8045 14.6500 69.1993
146.8415 14.7500 69.3654
146.8590 14.8000 69.6867
146.8926 14.9000 69.9156
146.9089 14.9500 70.1473
146.9403 15.0500 70.3797
146.9553 15.1000 70.5996
146.9849 15.2000 70.8364
147.0000 15.2555 71.2665
147.0260 15.3500 71.5024
147.0500 15.4457 71.7134
147.0638 15.5000 71.9555
147.0761 15.5500 72.1660
147.0993 15.6500 72.5637
147.1114 15.7000 72.7859
147.1347 15.8000 72.9554
147.1500 15.8676 73.2941
147.1696 15.9500 73.5655
147.1812 16.0000 73.5655
147.2040 16.1000 73.8059
147.2158 16.1500 73.9209
147.2386 16.2500 73.9803
147.2500 16.3025 74.0420
147.2717 16.4000 74.0488
147.2820 16.4500 74.0488
147.3007 16.5500 74.0224
147.3096 16.6000 74.0224
147.3249 16.7000 73.9922
147.3312 16.7500 73.9922
147.3412 16.8500 73.9511
147.3451 16.9000 73.9511
147.3511 17.0000 73.8432
147.3534 17.0500 73.8432
147.3568 17.1500 73.7098
147.3581 17.2000 73.7098
147.3596 17.3000 73.5617
147.3599 17.3500 73.4856
147.3593 17.4500 73.4076
147.3584 17.5000 73.3315
147.3549 17.6000 73.2573
147.3500 17.6850 73.1860
147.3454 17.7500 73.1860
147.3411 17.8000 73.1176
147.3304 17.9000 73.0552
147.3239 17.9500 73.0552
147.3081 18.0500 73.0552
147.2987 18.1000 72.9975
147.2773 18.2000 72.9975
147.2500 18.2991 72.8381
147.2344 18.3500 72.9975
147.2000 18.4445 72.9463
147.1781 18.5000 72.9975
147.1500 18.5635 72.9463
147.1099 18.6500 72.9463
147.0856 18.7000 72.9022
147.0356 18.8000 72.8041
147.0000 18.8704 72.8101
146.9611 18.9500 72.8624
146.9371 19.0000 72.9612
146.8904 19.1000 73.1605
146.8500 19.1896 73.2937
146.8242 19.2500 73.3445
146.8000 19.3050 73.5274
146.7599 19.4000 73.6021
146.7386 19.4500 73.6996
146.6951 19.5500 73.7307
146.6735 19.6000 73.7447
146.6284 19.7000 73.7443
146.6000 19.7604 73.6765
146.5583 19.8500 73.6660
146.5348 19.9000 73.5436
146.4875 20.0000 73.1795
146.4500 20.0798 72.8279
146.4184 20.1500 72.5082
146.3958 20.2000 72.1342
146.3525 20.3000 71.6684
146.3322 20.3500 71.3156
146.2914 20.4500 70.4536
146.2718 20.5000 70.3738
146.2324 20.6000 69.8161
146.2000 20.6799 69.1498
146.1717 20.7500 69.1498
146.1498 20.8000 68.6719
146.1050 20.9000 68.6719
146.0812 20.9500 68.4647
146.0295 21.0500 68.1294
146.0000 21.1018 68.0854
145.9411 21.2000 67.8051
145.9000 21.2626 67.5445
145.8389 21.3500 67.5445
145.8000 21.4016 67.4957
145.7222 21.5000 67.2069
145.6500 21.5839 66.9415
145.5896 21.6500 66.9415
145.5000 21.7411 66.4916
145.4375 21.8000 66.4916
145.3500 21.8765 66.4916
145.2573 21.9500 66.3136
145.1500 22.0290 66.2100
145.0468 22.1000 66.0045
144.9500 22.1669 65.9707
144.8331 22.2500 65.9322
144.7500 22.3135 65.7968
144.6442 22.4000 65.2767
144.5500 22.4828 65.0020
144.4763 22.5500 65.0448
144.4000 22.6210 65.1990
144.3163 22.7000 65.6316
144.2500 22.7630 66.0697
144.1589 22.8500 66.4592
144.1000 22.9061 66.7679
144.0008 23.0000 67.8259
143.9000 23.0941 68.0537
143.8388 23.1500 68.4643
143.7500 23.2302 69.1028
143.6716 23.3000 69.9969
143.6000 23.3645 70.4227
143.5074 23.4500 71.4544
143.4500 23.5055 72.0640
142.4240 27.0500 72.7619
142.4277 27.1000 72.7360
142.4319 27.2000 72.7360
142.4325 27.2500 72.7360
142.4312 27.3500 72.6970
142.4293 27.4000 72.6796
142.4233 27.5000 72.6445
142.4192 27.5500 72.5781
142.4091 27.6500 72.4991
142.4000 27.7223 72.4072
142.3899 27.8000 72.3014
142.3825 27.8500 72.3014
142.3657 27.9500 72.1841
142.3500 28.0302 71.9169
142.3361 28.1000 71.9169
142.3250 28.1500 71.7674
142.3001 28.2500 71.2767
142.2875 28.3000 71.6102
142.2594 28.4000 71.4261
142.2446 28.4500 71.2767
142.2141 28.5500 71.1026
142.1978 28.6000 70.7472
142.1656 28.7000 70.5656
142.1484 28.7500 70.3848
142.1147 28.8500 70.1802
142.0968 28.9000 69.8427
142.0614 29.0000 69.6656
142.0431 29.0500 69.3171
142.0066 29.1500 69.1505
141.9887 29.2000 68.8335
141.9528 29.3000 68.5556
141.9359 29.3500 68.2995
141.9022 29.4500 68.0928
141.8866 29.5000 68.0041
141.8550 29.6000 67.8516
141.8399 29.6500 67.7405
141.8092 29.7500 67.6502
141.7937 29.8000 67.5679
141.7627 29.9000 67.4074
141.7467 29.9500 67.3036
141.7157 30.0500 67.0810
141.6996 30.1000 66.7407
141.6697 30.2000 66.5664
141.6500 30.2658 65.9913
141.6273 30.3500 65.5829
141.6143 30.4000 65.3698
141.5908 30.5000 64.4912
141.5808 30.5500 64.2477
141.5636 30.6500 63.1265
141.5567 30.7000 62.4696
141.5472 30.8000 60.8993
141.5447 30.8500 60.1441
141.5435 30.9500 58.6372
141.5448 31.0000 58.1280
141.5503 31.1000 56.5538
141.5546 31.1500 55.9938
141.5644 31.2500 54.9692
141.5693 31.3000 54.8150
141.5777 31.4000 54.3702
141.5807 31.4500 54.3702
141.5835 31.5500 54.3702
141.5831 31.6000 54.3702
141.5786 31.7000 54.8150
141.5746 31.7500 54.3702
141.5640 31.8500 54.3702
141.5577 31.9000 53.9403
141.5447 32.0000 52.9703
141.5385 32.0500 52.6638
141.5263 32.1500 51.5515
141.5205 32.2000 51.2219
141.5098 32.3000 50.6244
141.5000 32.3973 49.8593
141.4953 32.4500 49.6300
141.4907 32.5000 49.6096
141.4805 32.6000 49.4085
141.4746 32.6500 49.1922
141.4605 32.7500 49.1922
141.4500 32.8109 48.9768
141.4338 32.9000 49.1057
141.4231 32.9500 48.9768
141.3989 33.0500 48.7611
141.3865 33.1000 48.7611
141.3592 33.2000 48.5423
141.3451 33.2500 48.0915
141.3172 33.3500 47.8590
141.3000 33.4105 47.3852
141.2767 33.5000 46.6691
141.2642 33.5500 46.4313
141.2414 33.6500 45.4428
141.2315 33.7000 44.8861
141.2138 33.8000 43.9069
141.2000 33.8925 42.7317
141.1931 33.9500 41.8536
141.1877 34.0000 41.0763
141.1784 34.1000 39.4951
141.1745 34.1500 39.0183
141.1683 34.2500 37.6103
141.1660 34.3000 36.6736
141.1634 34.4000 35.2620
141.1632 34.4500 34.3166
141.1653 34.5500 32.8131
141.1677 34.6000 32.4249
141.1755 34.7000 31.9731
141.1810 34.7500 31.9466
141.2205 35.0000 29.7816
141.2369 35.0500 29.6197
141.2761 35.1500 29.8409
141.2986 35.2000 29.9443
141.3235 35.2500 30.0637
141.3775 35.3500 30.1913
141.4064 35.4000 30.2182
141.4500 35.4711 30.2130
141.5000 35.5487 30.0980
141.5353 35.6000 30.0297
141.5713 35.6500 29.8536
141.6489 35.7500 29.5762
141.6915 35.8000 29.1855
141.7500 35.8645 28.6181
141.8341 35.9500 28.2419
141.8859 36.0000 28.0220
141.9500 36.0606 27.6952
142.0455 36.1500 27.7734
142.0976 36.2000 27.7734
142.1500 36.2520 27.7734
142.2428 36.3500 28.0869
142.2867 36.4000 28.2419
142.3500 36.4777 28.3184
142.4000 36.5438 28.3945
142.4400 36.6000 28.7639
142.4735 36.6500 28.8359
142.5357 36.7500 28.9778
142.5647 36.8000 29.0478
142.6000 36.8641 29.0478
142.6449 36.9500 29.1170
142.6697 37.0000 29.1855
142.7000 37.0644 29.1170
142.7384 37.1500 29.2126
142.7597 37.2000 29.2126
142.7802 37.2500 29.2531
142.8188 37.3500 29.2531
142.8370 37.4000 29.2531
142.8545 37.4500 29.2531
142.8877 37.5500 29.3199
142.9033 37.6000 29.2531
142.9185 37.6500 29.2531
142.9469 37.7500 29.2531
142.9605 37.8000 29.2126
142.9737 37.8500 29.2126
142.9985 37.9500 29.2126
143.0105 38.0000 29.1170
143.0222 38.0500 29.1170
143.0445 38.1500 29.0478
143.0553 38.2000 28.9778
143.0661 38.2500 28.9072
143.0869 38.3500 28.8333
143.0970 38.4000 28.7639
143.1072 38.4500 28.6913
143.1274 38.5500 28.5443
143.1374 38.6000 28.4696
143.1500 38.6634 28.3945
143.1677 38.7500 28.2419
143.1780 38.8000 28.1646
143.1883 38.8500 28.0869
143.2093 38.9500 27.8518
143.2202 39.0000 27.7734
143.2312 39.0500 27.6952
143.2500 39.1341 27.4663
143.2655 39.2000 27.3217
143.2775 39.2500 27.2530
143.3000 39.3419 27.0667
143.3150 39.4000 26.9633
143.3282 39.4500 26.9190
143.3500 39.5307 26.8474
143.3697 39.6000 26.7860
143.3842 39.6500 26.7785
143.4142 39.7500 26.7958
143.4297 39.8000 26.8391
143.4500 39.8642 26.9056
143.4781 39.9500 26.9922
143.4947 40.0000 27.0418
143.5117 40.0500 27.1507
143.5463 40.1500 27.2684
143.5640 40.2000 27.3898
143.5818 40.2500 27.4501
143.6182 40.3500 27.6215
143.6367 40.4000 27.7215
143.6555 40.4500 27.7653
143.6941 40.5500 27.8663
143.7139 40.6000 27.9037
143.7340 40.6500 27.9140
143.7755 40.7500 27.8746
143.7968 40.8000 27.8109
143.8186 40.8500 27.7678
143.8500 40.9209 27.6601
143.8857 41.0000 27.4482
143.9087 41.0500 27.3656
143.9500 41.1390 27.1846
143.9787 41.2000 26.9864
144.0022 41.2500 26.7753
144.0500 41.3492 26.4453
144.0754 41.4000 26.2236
144.1005 41.4500 25.9010
144.1500 41.5418 25.5150
144.1839 41.6000 25.1517
144.2152 41.6500 24.9677
144.2864 41.7500 25.5878
144.3279 41.8000 28.1246
144.4000 41.8749 34.9473
144.4500 41.9192 36.8199
144.5601 42.0000 36.8811
144.7000 42.0778 37.0852
144.8500 42.1422 36.4930
145.0206 42.2000 35.5397
145.2500 42.2639 35.5151
145.5000 42.3316 35.5709
145.7190 42.4000 35.5151
145.9000 42.4641 35.4428
146.1000 42.5411 35.4721
146.2471 42.6000 35.5709
146.4000 42.6632 35.7259
146.5500 42.7298 35.5151
146.6921 42.8000 35.5151
146.8000 42.8586 35.4248
146.9000 42.9177 35.5081
147.0286 43.0000 35.4645
147.1500 43.0813 35.4645
147.2500 43.1498 35.4428
147.3244 43.2000 35.5151
147.4000 43.2508 35.8260
147.5500 43.3489 35.9419
147.6300 43.4000 37.4420
147.7500 43.4758 37.9486
147.8500 43.5391 38.7615
147.9459 43.6000 39.5974
148.0500 43.6660 40.1448
148.1500 43.7301 40.6639
148.2581 43.8000 41.7196
148.3500 43.8586 42.0075
148.4500 43.9213 42.2974
148.5786 44.0000 42.7363
148.7000 44.0704 43.1007
148.8000 44.1261 43.6034
148.9386 44.2000 44.3383
149.0500 44.2562 44.6019
149.2000 44.3288 44.7861
149.3496 44.4000 44.9076
149.5000 44.4696 45.3043
149.6500 44.5400 45.4187
149.7759 44.6000 45.5821
149.9000 44.6595 45.6099
150.0500 44.7331 45.6490
150.1829 44.8000 45.6643
150.3000 44.8593 45.6643
150.4500 44.9366 45.6236
150.5708 45.0000 45.3715
150.7000 45.0675 45.2625
150.8000 45.1201 44.9851
150.9516 45.2000 44.1625
151.1000 45.2765 43.6884
151.2000 45.3279 43.1880
151.3405 45.4000 42.2065
151.4500 45.4558 41.7739
151.6000 45.5330 41.4477
151.7259 45.6000 41.1368
151.8500 45.6681 41.1585
151.9500 45.7257 41.1585
152.0716 45.8000 41.0534
152.1500 45.8504 41.0534
152.2500 45.9176 41.1368
152.3647 46.0000 41.0534
152.4500 46.0644 41.0534
152.5500 46.1438 40.9753
152.6186 46.2000 40.9430
152.7000 46.2685 40.9448
152.7947 46.3500 41.0619
152.8525 46.4000 41.3326
152.9500 46.4833 42.0493
153.0000 46.5256 42.8818
153.0895 46.6000 44.2719
153.1510 46.6500 44.9676
153.2500 46.7281 45.9762
153.3414 46.8000 46.9133
153.4052 46.8500 47.1058
153.5000 46.9248 47.2101
153.5919 47.0000 47.5760
153.6516 47.0500 47.5204
153.7500 47.1347 47.6291
153.8232 47.2000 47.6597
153.9000 47.2702 47.6893
153.9500 47.3167 47.6868
154.0385 47.4000 47.6264
154.1000 47.4583 47.5540
154.1966 47.5500 47.3763
154.2496 47.6000 47.4426
154.3031 47.6500 47.2078
154.4000 47.7392 47.0758
154.4673 47.8000 47.0397
154.5500 47.8730 47.0362
154.6392 47.9500 47.0657
154.6985 48.0000 47.0695
154.8000 48.0828 47.1240
154.8500 48.1228 47.1480
154.9478 48.2000 47.2092
155.0500 48.2779 47.2852
155.1460 48.3500 47.4423
155.2144 48.4000 47.4915
155.3000 48.4615 47.6104
155.4000 48.5318 47.7084
155.4982 48.6000 47.7785
155.6000 48.6688 47.7942
155.7000 48.7362 47.8084
155.7946 48.8000 47.8328
155.9000 48.8707 47.8573
156.0000 48.9389 47.8959
156.0884 49.0000 47.9377
156.2000 49.0783 47.9902
156.2993 49.1500 48.0539
156.3679 49.2000 48.0914
156.4500 49.2609 48.1195
156.5500 49.3359 48.1374
156.6350 49.4000 48.1157
156.7013 49.4500 48.0118
156.8000 49.5233 47.9271
156.9031 49.6000 47.5499
157.0000 49.6711 47.2185
157.1000 49.7454 46.8898
157.1733 49.8000 46.6671
157.2500 49.8581 46.6107
157.3500 49.9350 46.3158
157.4329 50.0000 46.1109
157.5000 50.0534 45.9314
157.6000 50.1328 45.7981
157.6845 50.2000 45.8384
157.7500 50.2517 45.9797
157.8500 50.3287 46.4222
157.9444 50.4000 46.9032
158.0500 50.4772 47.5662
158.1500 50.5494 48.3096
158.2216 50.6000 48.2141
158.3000 50.6555 48.3238
158.4000 50.7264 48.4310
158.5018 50.8000 48.4401
158.6000 50.8717 48.4274
158.7000 50.9471 48.4039
158.7691 51.0000 48.3792
158.8500 51.0632 48.3748
158.9500 51.1437 48.3650
159.0181 51.2000 48.3700
159.1000 51.2694 48.3806
159.1919 51.3500 48.4354
159.2474 51.4000 48.5885
159.3021 51.4500 48.5369
159.4000 51.5412 48.7476
159.4621 51.6000 48.9529
159.5147 51.6500 49.2015
159.6000 51.7311 49.7547
159.6727 51.8000 50.1509
159.7500 51.8725 50.8700
159.8000 51.9191 51.2304
159.8875 52.0000 51.9057
159.9500 52.0575 52.2546
160.0500 52.1497 52.2546
160.1043 52.2000 52.9460
160.1577 52.2500 53.3014
160.2500 52.3380 53.6757
160.3136 52.4000 53.8496
160.3640 52.4500 54.1923
160.4500 52.5367 54.9438
160.5121 52.6000 55.3603
160.5609 52.6500 55.8078
160.6500 52.7412 56.8411
160.7076 52.8000 57.5709
160.7567 52.8500 58.5000
160.8500 52.9450 59.7222
160.9036 53.0000 60.3383
160.9518 53.0500 60.8140
161.0462 53.1500 61.6153
161.0921 53.2000 62.1071
161.1500 53.2649 62.3768
161.2000 53.3225 62.6458
161.2650 53.4000 63.1525
161.3056 53.4500 63.6210
161.3847 53.5500 64.3281
161.4232 53.6000 64.4474
161.4608 53.6500 64.8103
161.5349 53.7500 65.4457
161.5713 53.8000 65.7304
161.6072 53.8500 65.9946
161.6787 53.9500 66.5295
161.7140 54.0000 66.8876
161.7500 54.0514 67.2348
161.8000 54.1220 67.6810
161.8550 54.2000 68.1435
161.9000 54.2631 68.4664
161.9500 54.3327 68.7638
161.9985 54.4000 69.0882
162.0500 54.4698 69.2247
162.1000 54.5371 69.4197
162.1472 54.6000 69.4687
162.2000 54.6690 69.4922
162.2500 54.7335 69.4870
162.3022 54.8000 69.4870
177.2407 -39.0000 78.4488
177.3000 -38.9347 78.2233
177.3500 -38.8811 77.9875
177.4286 -38.8000 77.5897
177.5000 -38.7314 77.3324
177.5898 -38.6500 76.7043
177.6487 -38.6000 76.2974
177.7500 -38.5194 75.8259
177.8000 -38.4805 75.5687
177.9038 -38.4000 75.0373
178.0000 -38.3246 74.7636
178.0894 -38.2500 74.3638
178.1463 -38.2000 74.3638
178.2006 -38.1500 74.3638
178.3000 -38.0521 73.9269
178.3496 -38.0000 74.7248
178.4000 -37.9449 73.9269
178.4829 -37.8500 73.6084
178.5248 -37.8000 73.3504
178.5657 -37.7500 73.0531
178.6450 -37.6500 72.7486
178.6841 -37.6000 72.4188
178.7225 -37.5500 72.0795
178.7981 -37.4500 71.0609
178.8363 -37.4000 70.9620
178.8744 -37.3500 70.3913
178.9500 -37.2513 69.3612
178.9904 -37.2000 68.9870
179.0500 -37.1253 67.9636
179.1000 -37.0633 67.6544
179.1511 -37.0000 67.3755
179.2000 -36.9396 67.0514
179.2500 -36.8766 66.8238
179.3086 -36.8000 66.5531
179.3500 -36.7436 66.2790
179.4000 -36.6729 66.2594
179.4488 -36.6000 65.8546
179.5000 -36.5208 65.6761
179.5439 -36.4500 65.3675
179.5747 -36.4000 65.0488
179.6046 -36.3500 64.7258
179.6500 -36.2742 64.4130
179.6942 -36.2000 64.1178
179.7242 -36.1500 63.8454
179.7832 -36.0500 63.3834
179.8123 -36.0000 63.2125
179.8500 -35.9343 63.0695
179.8978 -35.8500 62.9781
179.9262 -35.8000 62.9150
179.9532 -35.7500 62.8865
180.0000 -35.6634 62.8946
180.0343 -35.6000 62.8946
180.0606 -35.5500 62.9288
180.1000 -35.4746 63.0234
180.1394 -35.4000 63.0806
180.1656 -35.3500 63.1369
180.2000 -35.2833 63.2506
180.2433 -35.2000 63.3006
180.2693 -35.1500 63.3447
180.3204 -35.0500 63.4039
180.3454 -35.0000 63.4083
180.3710 -34.9500 63.4248
180.4212 -34.8500 63.3697
180.4459 -34.8000 63.3508
180.4713 -34.7500 63.1723
180.5216 -34.6500 62.8057
180.5464 -34.6000 62.7571
180.5722 -34.5500 62.2628
180.6233 -34.4500 61.5373
180.6484 -34.4000 61.1228
180.6747 -34.3500 60.6916
180.7264 -34.2500 59.8760
180.7517 -34.2000 59.4017
180.7781 -34.1500 59.3172
180.8295 -34.0500 59.2228
180.8548 -34.0000 59.3698
180.8807 -33.9500 59.4064
180.9316 -33.8500 60.0888
180.9566 -33.8000 60.5337
180.9823 -33.7500 60.8479
181.0329 -33.6500 61.5362
181.0580 -33.6000 62.2698
181.0835 -33.5500 62.5980
181.1339 -33.4500 63.1520
181.1588 -33.4000 63.6187
181.1839 -33.3500 63.9190
181.2329 -33.2500 64.5197
181.2566 -33.2000 64.8504
181.2804 -33.1500 64.8504
181.3259 -33.0500 65.1086
181.3473 -33.0000 65.3460
181.3691 -32.9500 65.5664
181.4000 -32.8741 65.9169
181.4303 -32.8000 65.9169
181.4500 -32.7482 66.2114
181.4882 -32.6500 66.3228
181.5071 -32.6000 66.6555
181.5264 -32.5500 66.7751
181.5643 -32.4500 67.0460
181.5835 -32.4000 67.1161
181.6023 -32.3500 67.3893
181.6418 -32.2500 67.5352
181.6618 -32.2000 67.7276
181.6822 -32.1500 67.8008
181.7236 -32.0500 67.9071
181.7444 -32.0000 67.9294
181.7663 -31.9500 67.9094
181.8000 -31.8725 67.8004
181.8332 -31.8000 67.6985
181.8558 -31.7500 67.4551
181.9000 -31.6545 67.1458
181.9262 -31.6000 67.1458
181.9500 -31.5482 66.7932
181.9964 -31.4500 66.5977
182.0203 -31.4000 66.4214
182.0500 -31.3351 66.0528
182.0897 -31.2500 65.8750
182.1127 -31.2000 65.7042
182.1500 -31.1177 65.3873
182.1813 -31.0500 65.2420
182.2037 -31.0000 64.9786
182.2270 -30.9500 64.9786
182.2729 -30.8500 64.7454
182.2956 -30.8000 64.6347
182.3192 -30.7500 64.4174
182.3500 -30.6829 64.2061
182.3893 -30.6000 64.0542
182.4130 -30.5500 63.9126
182.4500 -30.4711 63.5822
182.4842 -30.4000 63.3911
182.5076 -30.3500 62.9543
182.5500 -30.2595 62.4478
182.5786 -30.2000 62.4478
182.6013 -30.1500 61.8898
182.6479 -30.0500 61.3046
182.6717 -30.0000 61.0116
182.7000 -29.9377 60.4477
182.7408 -29.8500 60.1830
182.7640 -29.8000 59.9332
182.8000 -29.7205 59.4908
182.8325 -29.6500 59.3011
182.8545 -29.6000 58.9904
182.8771 -29.5500 58.9904
182.9203 -29.4500 58.7692
182.9410 -29.4000 58.7692
182.9616 -29.3500 58.6281
183.0000 -29.2520 58.5493
183.0206 -29.2000 58.5493
183.0500 -29.1188 58.5086
183.0752 -29.0500 58.5086
183.0923 -29.0000 58.4942
183.1093 -28.9500 58.4789
183.1421 -28.8500 58.4606
183.1580 -28.8000 58.4366
183.1738 -28.7500 58.4049
183.2000 -28.6611 58.3157
183.2185 -28.6000 58.3123
183.2329 -28.5500 58.2559
183.2611 -28.4500 58.1066
183.2754 -28.4000 58.0179
183.2892 -28.3500 57.9214
183.3177 -28.2500 57.5941
183.3320 -28.2000 57.5941
183.3500 -28.1352 57.3273
183.3752 -28.0500 57.1297
183.3894 -28.0000 57.1297
183.4034 -27.9500 56.9080
183.4318 -27.8500 56.8024
183.4450 -27.8000 56.7836
183.4583 -27.7500 56.6003
183.4839 -27.6500 56.5042
183.4957 -27.6000 56.4097
183.5076 -27.5500 56.3166
183.5305 -27.4500 56.2215
183.5411 -27.4000 56.1214
183.5514 -27.3500 56.0165
183.5725 -27.2500 55.7815
183.5824 -27.2000 55.7815
183.5918 -27.1500 55.6491
183.6103 -27.0500 55.3463
183.6194 -27.0000 55.1751
183.6280 -26.9500 55.1751
183.6441 -26.8500 54.7996
183.6518 -26.8000 54.6006
183.6599 -26.7500 54.3988
183.6750 -26.6500 54.1974
183.6821 -26.6000 54.0001
183.6890 -26.5500 53.8123
183.7000 -26.4645 53.4793
183.7086 -26.4000 53.3414
183.7148 -26.3500 53.2288
183.7264 -26.2500 53.1418
183.7319 -26.2000 53.0831
183.7372 -26.1500 53.0521
183.7482 -26.0500 53.0663
183.7545 -26.0000 53.2375
183.7618 -25.9500 53.3168
183.7794 -25.8500 53.6563
183.7903 -25.8000 53.7023
183.8034 -25.7500 53.5594
183.8383 -25.6500 52.7838
183.8604 -25.6000 51.9002
183.9000 -25.5263 51.0843
183.9500 -25.4502 51.8536
183.9890 -25.4000 51.0998
184.0500 -25.3286 52.0253
184.1000 -25.2742 52.4091
184.1693 -25.2000 52.4091
184.2138 -25.1500 52.2101
184.2929 -25.0500 51.6952
184.3266 -25.0000 51.2993
184.3560 -24.9500 51.0998
184.4000 -24.8590 50.9541
184.4234 -24.8000 50.8424
184.4400 -24.7500 50.8559
184.4672 -24.6500 50.8864
184.4784 -24.6000 50.8864
184.4883 -24.5500 50.8864
184.5058 -24.4500 50.8561
184.5138 -24.4000 50.8424
184.5214 -24.3500 50.8424
184.5356 -24.2500 50.8664
184.5423 -24.2000 50.8664
184.5500 -24.1385 50.9026
184.5603 -24.0500 50.9541
184.5652 -24.0000 50.9541
184.5692 -23.9500 50.9541
184.5740 -23.8500 50.9026
184.5747 -23.8000 50.9026
184.5741 -23.7500 50.9026
184.5697 -23.6500 50.9026
184.5663 -23.6000 50.9541
184.5626 -23.5500 51.0201
184.5559 -23.4500 51.4184
184.5540 -23.4000 51.7570
184.5537 -23.3500 52.2101
184.5597 -23.2500 53.8464
184.5662 -23.2000 54.8490
184.5752 -23.1500 55.4633
184.5999 -23.0500 55.4633
184.6163 -23.0000 56.2678
184.6343 -22.9500 56.3725
184.6753 -22.8500 56.6450
184.6972 -22.8000 56.8282
184.7211 -22.7500 57.0321
184.7700 -22.6500 57.3312
184.7950 -22.6000 57.4291
184.8209 -22.5500 57.5127
184.8729 -22.4500 57.6612
184.8986 -22.4000 57.6868
184.9255 -22.3500 57.7226
184.9785 -22.2500 57.6784
185.0047 -22.2000 57.5443
185.0317 -22.1500 57.5443
185.0850 -22.0500 57.3143
185.1116 -22.0000 57.0054
185.1500 -21.9274 56.7806
185.1912 -21.8500 56.5515
185.2177 -21.8000 56.3000
185.2500 -21.7374 55.6020
185.2953 -21.6500 55.6020
185.3211 -21.6000 55.0561
185.3500 -21.5416 54.6642
185.3955 -21.4500 54.3137
185.4202 -21.4000 53.9173
185.4500 -21.3372 53.0876
185.4918 -21.2500 52.6590
185.5155 -21.2000 52.2257
185.5500 -21.1259 51.3546
185.5860 -21.0500 50.9408
185.6093 -21.0000 50.0945
185.6330 -20.9500 50.0945
185.6801 -20.8500 49.3250
185.7032 -20.8000 48.6371
185.7272 -20.7500 48.6371
185.7741 -20.6500 47.9531
185.7968 -20.6000 47.6021
185.8203 -20.5500 47.6021
185.8500 -20.4833 47.2727
185.8872 -20.4000 47.2727
185.9086 -20.3500 47.0984
185.9497 -20.2500 47.0984
185.9701 -20.2000 46.9887
186.0000 -20.1201 46.8844
186.0260 -20.0500 46.9319
186.0430 -20.0000 46.9319
186.0598 -19.9500 46.8844
186.0916 -19.8500 46.8408
186.1068 -19.8000 46.7892
186.1219 -19.7500 46.7239
186.1500 -19.6500 48.6371
186.1645 -19.6000 46.5269
186.1785 -19.5500 46.3856
186.2000 -19.4701 45.9891
186.2200 -19.4000 45.7341
186.2339 -19.3500 45.4458
186.2621 -19.2500 44.3808
186.2766 -19.2000 44.1579
186.3000 -19.1184 42.9535
186.3210 -19.0500 42.6450
285.8065 -40.4500 47.8955
285.8175 -40.2500 47.8955
285.8258 -40.1000 48.5779
285.8394 -39.9000 49.2320
285.8525 -39.7500 50.1173
285.8676 -39.6000 50.6222
285.8908 -39.4000 51.2272
285.9088 -39.2500 51.6590
285.9326 -39.0500 52.0107
285.9507 -38.9000 52.1453
285.9693 -38.7500 52.1884
285.9975 -38.5500 52.1934
286.0214 -38.4000 52.1603
286.0500 -38.2374 52.0757
286.0838 -38.0500 51.8896
286.1104 -37.9000 51.5511
286.1440 -37.7000 51.0713
286.1685 -37.5500 50.5842
286.2000 -37.3646 50.0727
286.2301 -37.2000 49.6704
286.2605 -37.0500 49.2372
286.3057 -36.8500 48.7778
286.3434 -36.7000 48.4350
286.4000 -36.5009 48.2949
286.4492 -36.3500 48.2949
286.5052 -36.2000 47.8804
286.5934 -36.0000 48.0426
286.6705 -35.8500 48.0426
286.7879 -35.6500 48.0426
286.8842 -35.5000 47.5137
287.0000 -35.3265 46.6317
287.1166 -35.1500 45.0711
287.2116 -35.0000 43.0911
287.3300 -34.8000 39.1973
288.0211 -31.4000 42.8112
288.0320 -31.2500 43.4092
288.0429 -31.1000 43.8440
288.0573 -30.9000 45.2007
288.0682 -30.7500 45.8634
288.0841 -30.5500 46.9339
288.0974 -30.4000 47.7084
288.1115 -30.2500 48.4671
288.1326 -30.0500 49.2100
288.1508 -29.9000 49.9257
288.1770 -29.7000 50.3231
288.2001 -29.5500 50.6065
288.2257 -29.4000 50.6065
288.2665 -29.2000 50.3231
288.3028 -29.0500 50.3231
288.3500 -28.8785 50.2709
288.4046 -28.7000 50.3231
288.4536 -28.5500 50.9327
288.5199 -28.3500 52.1488
288.5686 -28.2000 53.5296
288.6296 -28.0000 55.4003
288.6716 -27.8500 56.7988
288.7103 -27.7000 57.7634
288.7569 -27.5000 58.3593
288.7887 -27.3500 58.3947
288.8278 -27.1500 57.6333
288.8555 -27.0000 56.2028
288.8808 -26.8500 54.4572
288.9116 -26.6500 51.2066
288.9311 -26.5000 49.7153
288.9500 -26.3148 49.1618
288.9598 -26.1500 49.0348
288.9629 -26.0000 48.5541
288.9597 -25.8000 48.1399
288.9540 -25.6500 48.0716
288.9465 -25.4500 48.0642
288.9439 -25.3000 48.0642
288.9456 -25.1500 48.0642
288.9553 -24.9500 48.0642
288.9680 -24.8000 48.0642
288.9915 -24.6000 48.0734
289.0126 -24.4500 48.1056
289.0357 -24.3000 48.1565
289.0674 -24.1000 48.2999
289.0903 -23.9500 48.4716
289.1181 -23.7500 48.6837
289.1368 -23.6000 48.7173
289.1539 -23.4500 48.5924
289.1747 -23.2500 48.2584
289.1902 -23.1000 47.8013
289.2109 -22.9000 47.0715
289.2264 -22.7500 46.3215
289.2416 -22.6000 45.2402
289.2592 -22.4000 43.5604
289.2694 -22.2500 42.3380
289.2781 -22.0500 41.1825
289.2813 -21.9000 40.5243
289.2823 -21.7500 40.0783
289.2813 -21.5500 39.6927
289.2789 -21.4000 39.4391
289.2725 -21.2000 39.3884
289.2639 -21.0500 40.3076
289.2500 -20.8900 42.2869
289.2254 -20.7000 44.8616
289.2000 -20.5480 45.6594
289.1586 -20.3500 45.3520
289.1217 -20.2000 44.8345
289.0804 -20.0500 44.3053
289.0184 -19.8500 43.9498
288.9666 -19.7000 43.5422
288.9000 -19.5248 42.5464
288.8263 -19.3500 41.7211
288.7500 -19.1841 41.2392
288.6566 -19.0000 40.4741
288.5722 -18.8500 40.6195
288.4500 -18.6591 45.8737
288.3304 -18.5000 49.9421
288.2000 -18.3497 52.3523
288.0000 -18.1511 54.1142
287.8307 -18.0000 55.1145
287.6000 -17.8061 56.3783
287.4070 -17.6500 58.5629
287.2000 -17.4885 61.1883
286.9500 -17.3022 63.6668
286.7352 -17.1500 64.8533
286.4500 -16.9535 65.7499
286.2288 -16.8000 66.4869
286.0000 -16.6360 67.1006
285.7506 -16.4500 67.1006
285.5500 -16.2975 68.2650
285.3000 -16.1043 68.3189
285.1060 -15.9500 68.1917
282.6036 -13.0500 50.9510
282.4824 -12.9000 49.3432
282.3500 -12.7390 48.2334
282.1948 -12.5500 48.0984
282.0500 -12.3660 48.4845
281.9284 -12.2000 48.0984
281.8267 -12.0500 48.0984
281.7002 -11.8500 49.4816
281.6081 -11.7000 49.6282
281.5000 -11.5240 52.7951
281.4000 -11.3646 54.8513
281.2939 -11.2000 55.8227
281.1608 -11.0000 56.6968
281.0577 -10.8500 57.0272
280.9500 -10.6983 57.0196
280.8044 -10.5000 56.8989
280.6938 -10.3500 56.7938
280.5515 -10.1500 56.7596
280.4509 -10.0000 56.7938
280.3500 -9.8404 56.7509
280.2373 -9.6500 56.7938
280.1500 -9.4912 56.7596
280.0524 -9.3000 56.8132
279.9812 -9.1500 56.8287
279.9000 -8.9667 56.7261
279.8283 -8.8000 56.6937
279.7645 -8.6500 56.5987
279.6788 -8.4500 56.4645
279.6139 -8.3000 56.3575
279.5490 -8.1500 56.2225
279.4622 -7.9500 56.1858
279.3976 -7.8000 56.2525
279.3113 -7.6000 56.3499
279.2471 -7.4500 56.7802
279.1831 -7.3000 56.8955
279.1008 -7.1000 57.1531
279.0416 -6.9500 57.2748
278.9682 -6.7500 57.1531
278.9177 -6.6000 57.1531
278.8714 -6.4500 57.0202
278.8170 -6.2500 56.8955
278.7822 -6.1000 56.7802
278.7500 -5.9316 56.5772
278.7225 -5.7500 56.3456
278.7064 -5.6000 56.2525
278.6923 -5.4000 56.2198
278.6865 -5.2500 56.1983
278.6846 -5.0500 56.1904
278.6870 -4.9000 56.1904
278.6927 -4.7500 56.1904
278.7049 -4.5500 56.1983
278.7174 -4.4000 56.1983
278.7387 -4.2000 56.1983
278.7578 -4.0500 56.2371
278.7791 -3.9000 56.2371
278.8119 -3.7000 56.2952
278.8394 -3.5500 56.2952
278.8797 -3.3500 56.4145
278.9119 -3.2000 56.7802
278.9500 -3.0221 57.4423
278.9836 -2.8500 58.4283
279.0091 -2.7000 59.5990
279.0359 -2.5000 59.8173
279.0519 -2.3500 59.0161
279.0653 -2.2000 58.3167
279.0838 -2.0000 57.7439
279.1004 -1.8500 57.4260
279.1268 -1.6500 57.4260
279.1515 -1.5000 57.0883
279.1790 -1.3500 57.4260
279.2209 -1.1500 57.0883
279.2558 -1.0000 56.3549
279.3000 -0.8244 55.5488
279.3476 -0.6500 56.3549
279.4000 -0.4754 55.1212
279.4572 -0.3000 55.1212
279.5103 -0.1500 55.1212
279.5869 0.0500 55.1212
279.6485 0.2000 55.1212
279.7127 0.3500 53.2737
279.8000 0.5422 51.7851
279.8755 0.7000 52.7846
279.9795 0.9000 52.7846
280.0645 1.0500 52.8439
280.1564 1.2000 52.7846
280.2890 1.4000 53.2737
280.4000 1.5549 52.2879
280.5491 1.7500 53.2737
280.6705 1.9000 51.2795
280.8000 2.0520 49.7558
280.9758 2.2500 47.3025
281.1133 2.4000 44.7024
281.2958 2.6000 41.2076
281.4249 2.7500 40.1379
281.5500 2.9086 40.3182
281.6833 3.1000 41.1423
281.7771 3.2500 41.7750
281.8921 3.4500 42.4937
281.9716 3.6000 42.8424
282.0500 3.7569 43.2116
282.1383 3.9500 43.6760
282.2021 4.1000 44.2877
282.2804 4.3000 45.2638
282.3350 4.4500 46.5446
282.3856 4.6000 48.4505
282.4465 4.8000 51.6476
282.4862 4.9500 55.0137
282.5315 5.1500 59.1198
282.5593 5.3000 60.9070
282.5810 5.4500 61.7349
282.6000 5.6377 61.7671
282.6076 5.8000 61.3726
282.6056 6.0000 60.7517
275.8557 9.0500 61.0210
275.8000 9.0847 61.0210
275.7500 9.1163 61.0210
275.6500 9.1801 61.2098
275.6000 9.2125 61.2098
275.5430 9.2500 61.3864
275.4671 9.3000 61.5708
275.4000 9.3446 62.1075
275.3500 9.3774 62.4971
275.2500 9.4421 64.2607
275.2000 9.4729 65.2799
275.1500 9.5030 66.9810
275.0500 9.5583 69.2167
274.9673 9.6000 70.0482
274.8611 9.6500 70.6697
274.8000 9.6780 70.8508
274.7000 9.7257 71.0285
274.6000 9.7786 71.0842
274.5500 9.8082 71.0842
274.4853 9.8500 71.0842
274.4156 9.9000 71.0842
274.3528 9.9500 71.0938
274.3000 9.9954 71.0938
274.2500 10.0411 71.1506
274.2000 10.0893 71.1610
274.1500 10.1397 71.1878
274.1401 10.1500 71.1878
274.0928 10.2000 71.2059
274.0472 10.2500 71.2585
274.0032 10.3000 71.2794
273.9604 10.3500 71.3436
273.9500 10.3624 71.3436
273.9000 10.4234 71.4579
273.8785 10.4500 71.4579
273.8389 10.5000 71.6803
273.7995 10.5500 71.8753
273.7593 10.6000 72.2077
273.7181 10.6500 72.8740
273.7000 10.6715 73.2309
273.6500 10.7290 73.8677
273.6000 10.7834 74.6126
273.5842 10.8000 74.7831
273.5348 10.8500 75.1333
273.4830 10.9000 75.3495
273.4290 10.9500 75.5835
273.4000 10.9762 75.6102
273.3500 11.0206 75.6402
273.3000 11.0646 75.5824
273.2500 11.1084 75.5434
273.2000 11.1524 75.4431
273.1461 11.2000 75.3310
273.0902 11.2500 75.2228
273.0500 11.2863 75.1934
273.0000 11.3318 75.1258
272.9500 11.3775 75.0490
272.9000 11.4229 74.9807
272.8500 11.4678 74.8983
272.8000 11.5118 74.7063
272.7557 11.5500 74.5427
272.7000 11.5962 74.3232
272.6500 11.6360 73.9027
272.6000 11.6745 73.5385
272.5500 11.7120 72.7416
272.4500 11.7826 71.6570
272.4000 11.8159 70.6785
272.3473 11.8500 70.1706
272.2638 11.9000 69.3303
272.2000 11.9355 68.5526
272.1000 11.9873 67.5532
272.0000 12.0351 66.5593
271.9000 12.0801 65.5380
271.8000 12.1237 65.0600
271.7400 12.1500 65.0456
271.6238 12.2000 65.2206
271.5080 12.2500 65.7070
271.4000 12.2967 65.9108
271.3000 12.3400 66.2333
271.2000 12.3834 66.4399
271.1000 12.4266 66.5120
271.0000 12.4695 66.3944
270.9287 12.5000 66.2983
270.8092 12.5500 65.9625
270.7000 12.5943 65.7975
270.6000 12.6337 65.7499
270.5000 12.6723 65.9043
270.3500 12.7292 66.2580
270.2500 12.7671 66.7213
270.1500 12.8050 67.1119
270.0295 12.8500 67.4440
269.9000 12.8975 67.8553
269.8000 12.9335 68.0347
269.6500 12.9884 68.1407
269.5500 13.0258 68.1436
269.4500 13.0647 68.1065
269.3500 13.1051 68.0762
269.2431 13.1500 68.0184
269.1277 13.2000 67.9674
269.0500 13.2342 67.9533
268.9500 13.2793 67.9021
268.8500 13.3249 67.8436
268.7500 13.3707 67.7769
268.6500 13.4166 67.7259
268.5500 13.4624 67.7258
268.4681 13.5000 67.7884
268.3584 13.5500 67.9117
268.3000 13.5763 67.9766
268.2000 13.6219 68.2017
268.1000 13.6679 68.4371
268.0000 13.7146 68.6049
267.9000 13.7626 68.6832
267.8247 13.8000 68.7134
267.7264 13.8500 68.6696
267.6500 13.8899 68.6668
267.5500 13.9436 68.5562
267.5000 13.9708 68.3849
267.4000 14.0261 68.1210
267.3500 14.0542 67.9183
267.2500 14.1100 67.5015
267.1785 14.1500 67.3101
267.1000 14.1937 67.0614
267.0000 14.2494 66.8064
266.9500 14.2770 66.7719
266.8500 14.3325 66.6253
266.8000 14.3601 66.5337
266.7000 14.4147 66.3017
266.6344 14.4500 65.9590
266.5500 14.4945 65.4727
266.4500 14.5464 64.8447
266.4000 14.5721 64.4681
266.3000 14.6244 63.6738
266.2000 14.6781 63.2542
266.1500 14.7058 62.8340
266.0500 14.7622 62.4254
265.9851 14.8000 61.8747
265.9005 14.8500 61.3936
265.8500 14.8798 61.3415
265.7500 14.9401 60.8696
265.7000 14.9704 60.7300
265.6000 15.0319 60.6508
265.5500 15.0633 60.6486
265.4926 15.1000 60.7437
265.4153 15.1500 60.9052
265.3500 15.1929 60.9235
265.3000 15.2259 61.0922
265.2000 15.2923 61.4099
265.1500 15.3246 61.4853
265.1000 15.3567 61.3689
265.0296 15.4000 60.8411
264.9438 15.4500 59.2278
264.8513 15.5000 57.9381
264.8000 15.5256 55.9944
264.7000 15.5728 53.2047
263.4000 15.8386 59.5724
263.1000 15.8793 59.5724
262.9000 15.9215 59.5724
262.7000 15.9746 59.5724
262.5500 16.0198 59.5724
262.4500 16.0518 59.5724
262.3016 16.1000 62.7876
262.1500 16.1494 63.6365
262.0500 16.1823 65.6480
261.9000 16.2345 66.1806
261.8000 16.2721 66.6548
261.7000 16.3121 67.0829
261.6000 16.3538 67.8108
261.4898 16.4000 68.3838
261.3687 16.4500 68.9558
261.2500 16.4987 69.1345
261.1500 16.5409 69.1605
261.0500 16.5857 69.1486
261.0000 16.6093 69.1486
260.9000 16.6588 69.0976
260.8000 16.7109 69.0142
260.7262 16.7500 68.7863
260.6500 16.7902 68.5348
260.5500 16.8413 68.1767
260.4500 16.8896 67.8297
260.4000 16.9126 67.7030
260.3000 16.9571 67.6182
260.2000 17.0004 67.5643
260.0836 17.0500 67.5473
259.9658 17.1000 67.4842
259.8500 17.1489 67.4446
259.7500 17.1907 67.2666
259.6500 17.2317 67.2217
259.5500 17.2715 67.3080
259.4500 17.3096 67.5720
259.3000 17.3628 68.4875
259.1825 17.4000 70.6613
259.0000 17.4487 73.6395
258.8500 17.4825 73.8228
258.6500 17.5275 73.4362
258.4500 17.5791 72.6997
258.3000 17.6220 71.2037
258.1500 17.6668 68.8280
258.0423 17.7000 68.8280
257.9000 17.7444 68.8280
235.9387 40.1500 51.6840
235.9387 40.1500 51.6840
235.9387 40.1500 51.6840
235.9500 40.1745 51.4937
235.9615 40.2000 51.3771
235.9838 40.2500 51.3394
235.9838 40.2500 51.3394
236.0053 40.3000 51.6694
236.0250 40.3500 52.3990
236.0250 40.3500 52.3990
236.0428 40.4000 53.1491
236.0500 40.4233 53.3597
236.0578 40.4500 53.6996
236.0698 40.5000 54.0877
236.0788 40.5500 54.3328
236.0788 40.5500 54.3328
236.0846 40.6000 54.5919
236.0871 40.6500 54.9822
236.0871 40.6500 54.9822
236.0863 40.7000 55.2537
236.0824 40.7500 55.4570
236.0824 40.7500 55.4570
236.0755 40.8000 55.7666
236.0661 40.8500 56.3897
236.0661 40.8500 56.3897
236.0544 40.9000 57.0466
236.0404 40.9500 57.8938
236.0404 40.9500 57.8938
236.0248 41.0000 58.8894
236.0083 41.0500 59.4231
236.0000 41.0742 59.9692
235.9909 41.1000 60.5176
235.9733 41.1500 60.5176
235.9733 41.1500 60.5176
235.9562 41.2000 61.0593
235.9500 41.2192 61.5853
235.9397 41.2500 61.0593
235.9243 41.3000 61.0593
235.9106 41.3500 61.0593
235.9106 41.3500 61.0593
235.8985 41.4000 61.0593
235.8879 41.4500 61.0593
235.8879 41.4500 61.0593
235.8791 41.5000 60.5176
235.8721 41.5500 60.5176
235.8721 41.5500 60.5176
235.8666 41.6000 60.5176
235.8624 41.6500 60.5176
235.8624 41.6500 60.5176
235.8592 41.7000 61.0593
235.8570 41.7500 61.0593
235.8570 41.7500 61.0593
235.8554 41.8000 61.5853
235.8542 41.8500 62.0871
235.8542 41.8500 62.0871
235.8532 41.9000 62.5574
235.8525 41.9500 62.9901
235.8525 41.9500 62.9901
235.8517 42.0000 63.3802
235.8509 42.0500 63.5596
235.8509 42.0500 63.5596
235.8500 42.1000 63.7248
235.8491 42.1500 64.2760
235.8491 42.1500 64.2760
235.8480 42.2000 64.4847
235.8469 42.2500 64.6525
235.8469 42.2500 64.6525
235.8459 42.3000 64.7842
235.8448 42.3500 64.8675
235.8448 42.3500 64.8675
235.8438 42.4000 64.9636
235.8428 42.4500 65.0246
235.8428 42.4500 65.0246
235.8419 42.5000 65.0746
235.8410 42.5500 65.1193
235.8410 42.5500 65.1193
235.8400 42.6000 65.1624
235.8388 42.6500 65.2079
235.8388 42.6500 65.2079
235.8372 42.7000 65.2568
235.8352 42.7500 65.3678
235.8352 42.7500 65.3678
235.8324 42.8000 65.4903
235.8288 42.8500 65.5523
235.8288 42.8500 65.5523
235.8240 42.9000 65.6716
235.8179 42.9500 65.7786
235.8179 42.9500 65.7786
235.8104 43.0000 65.8749
235.8013 43.0500 65.9669
235.8000 43.0562 66.0133
235.7905 43.1000 66.1089
235.7783 43.1500 66.1575
235.7783 43.1500 66.1575
235.7649 43.2000 66.2538
235.7505 43.2500 66.3003
235.7500 43.2517 66.3447
235.7357 43.3000 66.3447
235.7211 43.3500 66.3866
235.7211 43.3500 66.3866
235.7072 43.4000 66.3866
235.7000 43.4287 66.3866
235.6947 43.4500 66.3866
235.6840 43.5000 66.3447
235.6754 43.5500 66.3447
235.6754 43.5500 66.3447
235.6691 43.6000 66.3003
235.6651 43.6500 66.2538
235.6651 43.6500 66.2538
235.6632 43.7000 66.2538
235.6633 43.7500 66.2538
235.6633 43.7500 66.2538
235.6649 43.8000 66.2538
235.6676 43.8500 66.2538
235.6676 43.8500 66.2538
235.6712 43.9000 66.3003
235.6751 43.9500 66.3447
235.6751 43.9500 66.3447
235.6791 44.0000 66.3866
235.6828 44.0500 66.4585
235.6828 44.0500 66.4585
235.6861 44.1000 66.4850
235.6888 44.1500 66.5087
235.6888 44.1500 66.5087
235.6907 44.2000 66.5011
235.6918 44.2500 66.4373
235.6918 44.2500 66.4373
235.6919 44.3000 66.3827
235.6912 44.3500 66.2414
235.6912 44.3500 66.2414
235.6894 44.4000 66.0989
235.6867 44.4500 66.0443
235.6867 44.4500 66.0443
235.6832 44.5000 65.9900
235.6787 44.5500 65.9955
235.6787 44.5500 65.9955
235.6735 44.6000 66.0180
235.6677 44.6500 66.0293
235.6677 44.6500 66.0293
235.6614 44.7000 65.9988
235.6547 44.7500 65.9432
235.6547 44.7500 65.9432
235.6478 44.8000 65.8515
235.6411 44.8500 65.7270
235.6411 44.8500 65.7270
235.6346 44.9000 65.7270
235.6287 44.9500 65.5660
235.6287 44.9500 65.5660
235.6234 45.0000 65.5660
235.6191 45.0500 65.5660
235.6191 45.0500 65.5660
235.6158 45.1000 65.5660
235.6137 45.1500 65.5660
235.6137 45.1500 65.5660
235.6129 45.2000 65.5660
235.6135 45.2500 65.5660
235.6135 45.2500 65.5660
235.6154 45.3000 65.5660
235.6187 45.3500 65.5660
235.6187 45.3500 65.5660
235.6233 45.4000 65.3731
235.6291 45.4500 65.3731
235.6291 45.4500 65.3731
235.6361 45.5000 65.3731
235.6441 45.5500 65.3731
235.6500 45.5831 65.1526
235.6530 45.6000 65.2310
235.6627 45.6500 65.1526
235.6627 45.6500 65.1526
235.6729 45.7000 64.9067
235.6834 45.7500 64.6428
235.6834 45.7500 64.6428
235.6940 45.8000 64.3636
235.7000 45.8286 64.0731
235.7045 45.8500 64.0731
235.7147 45.9000 63.4750
235.7242 45.9500 63.1706
235.7242 45.9500 63.1706
235.7331 46.0000 62.5612
235.7410 46.0500 61.9556
235.7410 46.0500 61.9556
235.7478 46.1000 61.3631
235.7500 46.1195 61.3631
235.7534 46.1500 60.7896
235.7578 46.2000 60.2463
235.7607 46.2500 59.7370
235.7607 46.2500 59.7370
235.7623 46.3000 59.2620
235.7624 46.3500 58.8132
235.7624 46.3500 58.8132
235.7611 46.4000 58.3803
235.7584 46.4500 57.9417
235.7584 46.4500 57.9417
235.7542 46.5000 57.4762
235.7500 46.5372 57.2236
235.7485 46.5500 56.9544
235.7413 46.6000 56.3362
235.7326 46.6500 55.1010
235.7326 46.6500 55.1010
235.7224 46.7000 53.9596
235.7107 46.7500 52.4583
235.7107 46.7500 52.4583
235.6972 46.8000 49.4061
235.6820 46.8500 45.5142
235.6820 46.8500 45.5142
235.6651 46.9000 42.9603
235.6500 46.9404 41.2020
235.6463 46.9500 40.8604
235.6254 47.0000 42.3796
235.6026 47.0500 46.4597
235.6000 47.0552 46.4597
235.5774 47.1000 50.8268
235.5500 47.1498 49.4420
235.5499 47.1500 53.8020
235.5199 47.2000 55.6351
235.5000 47.2308 56.1434
235.4874 47.2500 56.7532
235.4523 47.3000 56.8243
235.4148 47.3500 56.2093
235.4000 47.3687 56.2061
235.3750 47.4000 55.6074
235.3500 47.4299 55.2985
235.3332 47.4500 55.0065
235.2898 47.5000 54.5424
235.2500 47.5448 54.4088
235.2454 47.5500 54.3745
235.2004 47.6000 54.7216
235.1555 47.6500 54.6154
235.1500 47.6560 54.5153
235.1109 47.7000 54.9297
235.0670 47.7500 54.9297
235.0500 47.7695 54.9297
235.0240 47.8000 54.9297
235.0000 47.8284 55.0497
234.9820 47.8500 55.0497
234.9411 47.9000 55.0497
234.9011 47.9500 55.3712
234.9000 47.9514 55.3712
234.8622 48.0000 55.8248
234.8239 48.0500 55.9291
234.8000 48.0814 55.9291
234.7860 48.1000 56.5808
234.7500 48.1476 56.7041
234.7482 48.1500 57.2979
234.7104 48.2000 58.0458
234.6722 48.2500 59.3532
234.6500 48.2785 59.5394
234.6333 48.3000 59.5394
234.6000 48.3417 59.5394
234.5934 48.3500 59.5394
234.5523 48.4000 59.5394
123.4500 23.8645 57.4669
123.4500 23.8645 57.4669
123.4500 23.8645 57.4669
123.4500 23.8645 57.4669
123.1000 23.9212 56.4125
123.0060 23.9500 56.3540
122.9000 23.9860 56.6120
124.1000 24.0045 56.6728
122.5862 24.1000 58.8977
124.5500 24.1283 56.0242
124.9000 24.1599 58.4101
126.1500 24.7520 56.2032
126.6500 25.0952 59.8716
126.7000 25.1316 59.9848
126.7246 25.1500 59.9848
126.7500 25.1693 59.9848
126.8000 25.2082 60.1733
126.8500 25.2481 60.4521
126.9000 25.2885 60.7044
126.9141 25.3000 60.7044
126.9500 25.3295 60.7793
126.9750 25.3500 60.9317
127.0356 25.4000 61.1364
127.0500 25.4119 61.3174
127.0962 25.4500 61.3174
127.1500 25.4942 61.5658
127.1570 25.5000 61.6009
127.2000 25.5353 61.7055
127.2500 25.5767 61.7125
127.2779 25.6000 61.7781
127.3000 25.6185 61.7781
127.3500 25.6611 61.8193
127.3948 25.7000 61.8299
127.4000 25.7045 61.8299
127.4514 25.7500 61.8273
127.5000 25.7937 61.8053
127.5069 25.8000 61.8053
127.5500 25.8396 61.7912
127.6000 25.8864 61.7027
127.6144 25.9000 61.7027
127.6500 25.9339 61.5674
127.6667 25.9500 61.5545
127.7000 25.9820 61.3503
127.7500 26.0306 61.3498
127.7698 26.0500 61.1024
127.8000 26.0795 61.0821
127.8209 26.1000 60.8367
127.8718 26.1500 60.5888
127.9000 26.1776 60.5073
127.9228 26.2000 60.3837
127.9500 26.2266 60.2782
127.9739 26.2500 60.2335
128.0251 26.3000 60.0909
128.0500 26.3241 60.0909
128.0766 26.3500 60.0816
128.1000 26.3725 60.0816
128.1283 26.4000 60.1101
128.1801 26.4500 60.1757
128.2000 26.4690 60.1828
128.2322 26.5000 60.2304
128.2500 26.5170 60.2559
128.3000 26.5648 60.3418
128.3367 26.6000 60.3855
128.3500 26.6125 60.3855
128.3893 26.6500 60.4334
128.4422 26.7000 60.5437
128.4500 26.7072 60.5437
128.4956 26.7500 60.5921
128.5000 26.7541 60.5921
128.5496 26.8000 60.5514
128.6000 26.8459 60.7002
128.6044 26.8500 60.7295
128.6500 26.8909 60.7709
128.7000 26.9352 60.7921
128.7167 26.9500 60.7953
128.7500 26.9790 60.7917
128.7740 27.0000 60.7666
128.8319 27.0500 60.7182
128.8500 27.0656 60.7182
128.8899 27.1000 60.6457
128.9478 27.1500 60.5490
128.9500 27.1519 60.5540
129.0000 27.1955 60.5490
129.0500 27.2400 60.4367
129.0611 27.2500 60.4367
129.1000 27.2855 60.3563
129.1156 27.3000 60.3563
129.1500 27.3324 60.3368
129.2000 27.3809 60.3368
129.2191 27.4000 60.3368
129.2500 27.4314 60.2733
129.2679 27.4500 60.2733
129.3000 27.4841 60.2582
129.3500 27.5392 60.2582
129.3595 27.5500 60.2582
129.4000 27.5971 60.2050
129.4025 27.6000 60.2582
129.4437 27.6500 60.2155
129.4500 27.6579 60.2155
129.4833 27.7000 60.2050
129.5000 27.7216 60.2050
129.5216 27.7500 60.2050
129.5500 27.7879 60.1791
129.5589 27.8000 60.1791
129.5953 27.8500 60.1606
129.6312 27.9000 60.1606
129.6312 27.9000 60.1606
129.6667 27.9500 60.1482
129.6667 27.9500 60.1482
129.7022 28.0000 60.1264
129.7379 28.0500 60.0837
129.7500 28.0668 60.0410
129.7740 28.1000 60.0109
129.8000 28.1357 59.8923
129.8105 28.1500 59.8102
129.8477 28.2000 59.7206
129.8500 28.2031 59.6008
129.8857 28.2500 59.3114
129.9000 28.2686 59.1760
129.9245 28.3000 58.7986
129.9500 28.3322 58.4317
129.9642 28.3500 58.3555
130.0000 28.3939 57.8293
130.0050 28.4000 57.3143
130.0469 28.4500 56.2963
130.0900 28.5000 55.6132
130.1000 28.5114 55.4112
130.1344 28.5500 54.5554
130.1500 28.5673 54.5040
130.1800 28.6000 54.0714
130.2000 28.6217 53.6249
130.2266 28.6500 53.2143
130.2740 28.7000 52.8499
130.3000 28.7272 52.5345
130.3219 28.7500 52.3522
130.3500 28.7794 52.2838
130.3698 28.8000 52.2838
130.4000 28.8320 52.0703
130.4500 28.8855 52.0160
130.4634 28.9000 52.0703
130.5000 28.9408 52.0160
130.5082 28.9500 52.0160
130.5500 28.9985 52.0222
130.5513 29.0000 52.0160
130.5926 29.0500 52.0124
130.6322 29.1000 52.0124
130.6322 29.1000 52.0124
130.6702 29.1500 52.0222
130.6702 29.1500 52.0222
130.7068 29.2000 52.0222
130.7423 29.2500 52.1266
130.7500 29.2610 52.1266
130.7770 29.3000 52.3254
130.8000 29.3338 52.3476
130.8111 29.3500 52.3476
130.8447 29.4000 52.6428
130.8500 29.4079 52.6428
130.8782 29.4500 52.9479
130.9000 29.4827 53.3241
130.9116 29.5000 53.3241
130.9449 29.5500 53.6735
130.9500 29.5577 53.6735
130.9783 29.6000 54.0215
131.0000 29.6327 54.1069
131.0116 29.6500 54.1069
131.0446 29.7000 54.4896
131.0500 29.7081 54.4896
131.0776 29.7500 54.7415
131.1000 29.7845 54.8764
131.1100 29.8000 55.1490
131.1421 29.8500 55.2718
131.1500 29.8624 55.2718
131.1739 29.9000 55.6114
131.1739 29.9000 55.6114
131.2051 29.9500 56.0731
131.2363 30.0000 56.4327
131.2363 30.0000 56.4327
131.2673 30.0500 56.6481
131.2673 30.0500 56.6481
131.2983 30.1000 56.7502
131.3297 30.1500 57.1650
131.3297 30.1500 57.1650
131.3500 30.1823 57.2467
131.3613 30.2000 57.2467
131.3933 30.2500 57.2402
131.4000 30.2603 57.1449
131.4260 30.3000 57.0324
131.4500 30.3365 56.7093
131.4590 30.3500 56.7093
131.4924 30.4000 56.3359
131.5000 30.4114 55.9685
131.5261 30.4500 55.9685
131.5500 30.4854 55.4892
131.5599 30.5000 55.1476
131.5936 30.5500 54.3241
131.6272 30.6000 54.3241
131.6272 30.6000 54.3241
131.6500 30.6343 53.4603
131.6604 30.6500 53.4603
131.6931 30.7000 52.8897
131.7000 30.7107 52.8897
131.7252 30.7500 52.0759
131.7500 30.7897 52.0759
131.7564 30.8000 52.0759
131.7868 30.8500 51.2070
131.8000 30.8724 51.1889
131.8162 30.9000 51.1889
131.8445 30.9500 51.1889
131.8500 30.9602 50.2883
131.8716 31.0000 50.2883
131.8974 31.0500 50.2883
131.9000 31.0552 50.2883
131.9222 31.1000 50.2883
131.9222 31.1000 50.2883
131.9458 31.1500 49.3306
131.9686 31.2000 49.3306
131.9686 31.2000 49.3306
131.9905 31.2500 48.3458
132.0000 31.2723 48.0420
132.0120 31.3000 47.3467
132.0333 31.3500 46.3413
132.0333 31.3500 46.3413
132.0500 31.3895 45.3384
132.0546 31.4000 45.3384
132.0765 31.4500 43.3507
132.0988 31.5000 42.3655
132.1000 31.5026 41.3839
132.1226 31.5500 40.4094
132.1226 31.5500 40.4094
132.1471 31.6000 38.5322
132.1736 31.6500 36.9242
132.1736 31.6500 36.9242
132.2000 31.6985 36.3149
132.2008 31.7000 35.6862
132.2304 31.7500 35.7410
132.2500 31.7827 36.2315
132.2609 31.8000 36.4275
132.2928 31.8500 37.0583
132.3000 31.8611 37.8268
132.3263 31.9000 38.6955
132.3500 31.9351 39.7170
132.3606 31.9500 39.7170
132.3958 32.0000 41.6624
132.4000 32.0059 42.1974
132.4326 32.0500 42.7818
132.4500 32.0738 45.2601
132.4702 32.1000 45.5951
132.5000 32.1390 48.0080
132.5089 32.1500 48.0080
132.5491 32.2000 48.0080
132.5917 32.2500 53.7326
132.6000 32.2597 56.2646
132.6366 32.3000 57.6316
132.6500 32.3146 58.7932
132.6844 32.3500 59.8847
132.7000 32.3659 60.9109
132.7500 32.4138 62.8434
132.7901 32.4500 63.8151
132.8000 32.4588 64.8581
333.4935 -60.2000 68.3666
333.5000 -60.1960 68.3666
333.5500 -60.1647 68.4650
333.5726 -60.1500 68.5099
333.6000 -60.1328 68.5099
333.6497 -60.1000 68.5363
333.6500 -60.0998 68.5748
333.7000 -60.0674 68.5748
333.7000 -60.0674 68.5748
333.7256 -60.0500 68.5847
333.7500 -60.0337 68.5847
333.7983 -60.0000 68.5279
333.8000 -59.9989 68.5761
333.8500 -59.9639 68.5615
333.8500 -59.9639 68.5615
333.8691 -59.9500 68.5279
333.9000 -59.9276 68.5279
333.9367 -59.9000 68.5078
333.9500 -59.8899 68.5078
333.9500 -59.8899 68.5078
334.0000 -59.8509 68.4483
334.0011 -59.8500 68.4483
334.0500 -59.8110 68.4261
334.0500 -59.8110 68.4261
334.0634 -59.8000 68.4261
334.1000 -59.7694 68.3500
334.1228 -59.7500 68.3205
334.1228 -59.7500 68.3205
334.1500 -59.7262 68.3205
334.1796 -59.7000 68.2448
334.2000 -59.6813 68.2448
334.2000 -59.6813 68.2448
334.2340 -59.6500 68.1992
334.2500 -59.6347 68.1448
334.2500 -59.6347 68.1448
334.2863 -59.6000 68.1448
334.3000 -59.5864 68.0723
334.3000 -59.5864 68.0723
334.3368 -59.5500 68.0592
334.3500 -59.5364 68.0592
334.3500 -59.5364 68.0592
334.3858 -59.5000 67.9888
334.4000 -59.4848 67.9759
334.4000 -59.4848 67.9759
334.4333 -59.4500 67.9759
334.4500 -59.4318 67.9482
334.4500 -59.4318 67.9482
334.4797 -59.4000 67.9413
334.5000 -59.3773 67.9628
334.5000 -59.3773 67.9628
334.5250 -59.3500 67.9628
334.5500 -59.3215 67.9721
334.5500 -59.3215 67.9721
334.5694 -59.3000 67.9721
334.6000 -59.2645 68.0357
334.6000 -59.2645 68.0357
334.6128 -59.2500 68.0357
334.6128 -59.2500 68.0357
334.6500 -59.2060 68.2998
334.6553 -59.2000 68.2450
334.6553 -59.2000 68.2450
334.6969 -59.1500 68.2998
334.7000 -59.1461 68.4861
334.7000 -59.1461 68.4861
334.7379 -59.1000 68.4861
334.7379 -59.1000 68.4861
334.7500 -59.0843 68.7078
334.7775 -59.0500 68.7078
334.7775 -59.0500 68.7078
334.8000 -59.0198 68.9635
334.8000 -59.0198 68.9635
334.8154 -59.0000 68.9635
334.8154 -59.0000 68.9635
334.8500 -58.9518 69.5473
334.8514 -58.9500 68.9635
334.8864 -58.9000 69.2443
334.8864 -58.9000 69.2443
334.8864 -58.9000 69.2443
334.9000 -58.8786 69.5473
334.9191 -58.8500 69.2443
334.9191 -58.8500 69.2443
334.9491 -58.8000 69.5473
334.9491 -58.8000 69.5473
334.9500 -58.7984 69.5473
334.9779 -58.7500 69.5473
334.9779 -58.7500 69.5473
334.9779 -58.7500 69.5473
335.0000 -58.7064 70.1863
335.0000 -58.7064 70.1863
335.0034 -58.7000 69.8632
335.0273 -58.6500 69.8632
335.0273 -58.6500 69.8632
335.0273 -58.6500 69.8632
335.0480 -58.6000 69.8632
335.0480 -58.6000 69.8632
335.0500 -58.5945 70.1863
335.0671 -58.5500 70.1863
335.0671 -58.5500 70.1863
335.0671 -58.5500 70.1863
335.0833 -58.5000 70.1863
335.0833 -58.5000 70.1863
335.0833 -58.5000 70.1863
335.0969 -58.4500 70.1863
335.0969 -58.4500 70.1863
335.1000 -58.4363 70.5132
335.1087 -58.4000 70.5132
335.1087 -58.4000 70.5132
335.1087 -58.4000 70.5132
335.1183 -58.3500 70.5132
335.1183 -58.3500 70.5132
335.1183 -58.3500 70.5132
335.1257 -58.3000 70.5832
335.1257 -58.3000 70.5832
335.1257 -58.3000 70.5832
335.1310 -58.2500 70.8271
335.1310 -58.2500 70.8271
335.1310 -58.2500 70.8271
335.1345 -58.2000 70.8271
335.1345 -58.2000 70.8271
335.1345 -58.2000 70.8271
335.1362 -58.1500 71.1285
335.1362 -58.1500 71.1285
335.1362 -58.1500 71.1285
335.1363 -58.1000 71.1285
335.1363 -58.1000 71.1285
335.1348 -58.0500 71.4167
335.1348 -58.0500 71.4167
335.1348 -58.0500 71.4167
335.1320 -58.0000 71.4167
335.1320 -58.0000 71.4167
335.1320 -58.0000 71.4167
335.1277 -57.9500 71.6846
335.1277 -57.9500 71.6846
335.1277 -57.9500 71.6846
335.1221 -57.9000 71.7123
335.1221 -57.9000 71.7123
335.1221 -57.9000 71.7123
335.1151 -57.8500 71.9179
335.1151 -57.8500 71.9179
335.1151 -57.8500 71.9179
335.1067 -57.8000 71.9179
335.1067 -57.8000 71.9179
335.1067 -57.8000 71.9179
335.1000 -57.7658 72.1267
335.0970 -57.7500 72.1267
335.0970 -57.7500 72.1267
335.0862 -57.7000 72.1267
335.0862 -57.7000 72.1267
335.0862 -57.7000 72.1267
335.0738 -57.6500 72.3087
335.0738 -57.6500 72.3087
335.0738 -57.6500 72.3087
335.0597 -57.6000 72.3128
335.0597 -57.6000 72.3128
335.0500 -57.5694 72.4496
335.0500 -57.5694 72.4496
335.0440 -57.5500 72.4496
335.0440 -57.5500 72.4496
335.0268 -57.5000 72.4496
335.0268 -57.5000 72.4496
335.0268 -57.5000 72.4496
335.0075 -57.4500 72.4496
335.0075 -57.4500 72.4496
335.0000 -57.4325 72.5636
334.9864 -57.4000 72.5636
334.9864 -57.4000 72.5636
334.9864 -57.4000 72.5636
334.9632 -57.3500 72.5636
334.9632 -57.3500 72.5636
334.9500 -57.3242 72.6169
334.9378 -57.3000 72.6169
334.9378 -57.3000 72.6169
334.9378 -57.3000 72.6169
334.9100 -57.2500 72.6169
334.9100 -57.2500 72.6169
334.9000 -57.2336 72.6457
334.8797 -57.2000 72.6169
334.8797 -57.2000 72.6169
334.8500 -57.1554 72.6966
334.8500 -57.1554 72.6966
334.8464 -57.1500 72.6457
334.8104 -57.1000 72.6457
334.8104 -57.1000 72.6457
334.8000 -57.0866 72.6457
334.8000 -57.0866 72.6457
334.7712 -57.0500 72.6457
334.7712 -57.0500 72.6457
334.7500 -57.0250 72.6457
334.7285 -57.0000 72.6457
334.7285 -57.0000 72.6457
334.7000 -56.9690 72.6966
334.6822 -56.9500 72.6457
334.6822 -56.9500 72.6457
334.6500 -56.9175 72.6966
334.6324 -56.9000 72.6457
334.6324 -56.9000 72.6457
334.6000 -56.8695 72.6966
334.5791 -56.8500 72.6966
334.5500 -56.8240 72.6966
334.5500 -56.8240 72.6966
334.5229 -56.8000 72.6966
334.5000 -56.7804 72.7206
334.5000 -56.7804 72.7206
334.4645 -56.7500 72.7207
334.4500 -56.7380 72.7207
334.4046 -56.7000 72.7095
334.4000 -56.6962 72.7095
334.4000 -56.6962 72.7095
334.3500 -56.6546 72.6114
334.3446 -56.6500 72.6773
334.3000 -56.6127 72.5542
334.3000 -56.6127 72.5542
334.2852 -56.6000 72.5542
334.2500 -56.5703 72.4043
334.2500 -56.5703 72.4043
334.2265 -56.5500 72.4043
334.2000 -56.5273 72.2554
334.1687 -56.5000 72.2554
334.1687 -56.5000 72.2554
334.1500 -56.4838 72.0769
334.1118 -56.4500 72.0614
334.1000 -56.4397 71.8594
334.1000 -56.4397 71.8594
334.0554 -56.4000 71.7204
334.0500 -56.3953 71.6070
334.0500 -56.3953 71.6070
334.0000 -56.3508 71.3282
333.9991 -56.3500 71.3282
333.9500 -56.3064 70.9774
333.9500 -56.3064 70.9774
333.9428 -56.3000 70.9774
333.9000 -56.2625 70.8942
333.8856 -56.2500 70.8942
333.8856 -56.2500 70.8942
333.8500 -56.2194 70.5969
333.8270 -56.2000 70.4340
333.8000 -56.1775 70.4340
333.8000 -56.1775 70.4340
333.7663 -56.1500 70.1720
333.7500 -56.1368 70.1720
333.7500 -56.1368 70.1720
333.7032 -56.1000 69.9624
333.7000 -56.0975 69.9624
333.6500 -56.0592 69.7056
333.6376 -56.0500 69.7056
333.6000 -56.0222 69.7056
333.6000 -56.0222 69.7056
333.5686 -56.0000 69.4946
333.5500 -55.9868 69.4946
333.5000 -55.9527 69.4946
333.4959 -55.9500 69.2033
333.4500 -55.9193 69.2033
333.4500 -55.9193 69.2033
333.4197 -55.9000 69.0428
333.4000 -55.8873 69.0428
333.3500 -55.8564 69.0428
333.3392 -55.8500 68.6743
333.3000 -55.8261 69.0428
333.3000 -55.8261 69.0428
333.2500 -55.7974 68.6173
333.2000 -55.7688 68.6173
333.2000 -55.7688 68.6173
333.1651 -55.7500 68.1303
333.1500 -55.7416 68.2221
333.1000 -55.7149 68.2221
333.0707 -55.7000 67.8619
333.0500 -55.6892 68.1303
333.0000 -55.6641 68.1303
332.9500 -55.6400 67.8619
332.9000 -55.6164 67.8619
332.9000 -55.6164 67.8619
332.8500 -55.5940 67.5821
332.8000 -55.5718 67.8619
332.7500 -55.5513 67.5821
332.7467 -55.5500 67.2354
332.7000 -55.5305 67.5339
332.6500 -55.5112 67.5821
332.6000 -55.4927 67.2354
332.5500 -55.4745 67.5339
332.5000 -55.4577 67.5339
332.4500 -55.4414 67.2354
332.4000 -55.4255 67.2354
332.3500 -55.4108 67.5339
332.2500 -55.3827 67.0326
332.2000 -55.3695 67.2354
332.1500 -55.3573 67.2354
332.0500 -55.3333 66.7106
332.0000 -55.3219 66.7106
331.9000 -55.3011 66.4769
331.8500 -55.2902 66.2597
331.7500 -55.2696 66.0560
331.6500 -55.2502 65.8547
331.6000 -55.2395 65.3588
331.5000 -55.2182 65.3588
169.0794 -20.5000 67.2991
169.0527 -20.4500 67.6160
169.0500 -20.4449 67.6959
169.0249 -20.4000 67.6959
169.0249 -20.4000 67.6959
168.9986 -20.3500 67.9693
168.9708 -20.3000 68.0559
168.9708 -20.3000 68.0559
168.9500 -20.2605 68.1204
168.9442 -20.2500 68.1428
168.9166 -20.2000 68.1756
168.9000 -20.1687 68.2355
168.8895 -20.1500 68.2957
168.8621 -20.1000 68.2957
168.8500 -20.0774 68.3473
168.8345 -20.0500 68.3638
168.8071 -20.0000 68.3276
168.8000 -19.9868 68.2704
168.7790 -19.9500 68.2156
168.7790 -19.9500 68.2156
168.7518 -19.9000 68.0156
168.7234 -19.8500 67.7340
168.7234 -19.8500 67.7340
168.7000 -19.8064 67.3693
168.6964 -19.8000 67.3693
168.6685 -19.7500 66.9326
168.6500 -19.7147 66.4443
168.6419 -19.7000 66.4443
168.6150 -19.6500 65.8913
168.6000 -19.6207 65.3002
168.5888 -19.6000 65.3002
168.5626 -19.5500 64.6847
168.5626 -19.5500 64.6847
168.5367 -19.5000 64.0394
168.5367 -19.5000 64.0394
168.5110 -19.4500 63.3890
168.5000 -19.4280 62.7584
168.4852 -19.4000 62.7584
168.4599 -19.3500 62.3065
168.4500 -19.3298 61.6991
168.4345 -19.3000 61.6991
168.4098 -19.2500 61.3551
168.4098 -19.2500 61.3551
168.3849 -19.2000 61.2033
168.3849 -19.2000 61.2033
168.3605 -19.1500 61.2555
168.3500 -19.1277 61.5327
168.3361 -19.1000 61.5327
168.3120 -19.0500 61.5355
168.3000 -19.0240 62.5087
168.2882 -19.0000 62.5087
168.2648 -18.9500 62.5087
168.2648 -18.9500 62.5087
168.2500 -18.9165 63.1748
168.2423 -18.9000 63.1748
168.2203 -18.8500 63.1748
168.2003 -18.8000 63.1748
168.2000 -18.7992 63.8025
168.1803 -18.7500 63.8025
168.1803 -18.7500 63.8025
168.1620 -18.7000 63.8025
168.1500 -18.6647 64.6229
168.1447 -18.6500 64.6229
168.1274 -18.6000 64.8800
168.1274 -18.6000 64.8800
168.1111 -18.5500 65.2842
168.1000 -18.5149 65.5819
168.0950 -18.5000 65.5819
168.0782 -18.4500 65.7802
168.0782 -18.4500 65.7802
168.0621 -18.4000 65.7998
168.0500 -18.3614 65.8781
168.0462 -18.3500 65.8781
168.0295 -18.3000 65.8759
168.0295 -18.3000 65.8759
168.0137 -18.2500 65.7987
168.0000 -18.2042 65.5143
167.9986 -18.2000 65.6522
167.9828 -18.1500 65.5143
167.9828 -18.1500 65.5143
167.9679 -18.1000 65.3420
167.9538 -18.0500 65.2644
167.9500 -18.0365 65.1872
167.9390 -18.0000 65.0392
167.9390 -18.0000 65.0392
167.9244 -17.9500 65.0392
167.9104 -17.9000 64.9571
167.9104 -17.9000 64.9571
167.9000 -17.8622 64.8870
167.8963 -17.8500 64.8870
167.8812 -17.8000 64.9297
167.8665 -17.7500 64.9486
167.8665 -17.7500 64.9486
167.8521 -17.7000 64.9981
167.8500 -17.6927 65.0594
167.8363 -17.6500 65.0594
167.8206 -17.6000 65.1009
167.8206 -17.6000 65.1009
167.8052 -17.5500 65.1169
167.8000 -17.5333 65.1839
167.7887 -17.5000 65.2291
167.7721 -17.4500 65.2824
167.7721 -17.4500 65.2824
167.7560 -17.4000 65.4252
167.7500 -17.3811 65.7309
167.7392 -17.3500 66.0601
167.7224 -17.3000 66.0601
167.7224 -17.3000 66.0601
167.7061 -17.2500 66.7697
167.7000 -17.2310 67.1290
167.6891 -17.2000 67.7737
167.6716 -17.1500 68.4715
167.6716 -17.1500 68.4715
167.6542 -17.1000 69.1451
167.6500 -17.0883 69.8219
167.6348 -17.0500 70.4084
167.6143 -17.0000 71.3091
167.6143 -17.0000 71.3091
167.6000 -16.9666 71.9057
167.5922 -16.9500 72.1387
167.5678 -16.9000 72.3286
167.5500 -16.8642 72.6316
167.5423 -16.8500 72.6316
167.5151 -16.8000 72.6316
167.0500 -15.8789 61.0607
167.0351 -15.8500 61.0607
167.0106 -15.8000 61.0607
167.0106 -15.8000 61.0607
166.9877 -15.7500 61.0607
166.9877 -15.7500 61.0607
166.9665 -15.7000 61.0607
166.9500 -15.6560 61.0607
166.9477 -15.6500 61.0607
166.9304 -15.6000 61.0607
166.9304 -15.6000 61.0607
166.9154 -15.5500 61.0607
166.9024 -15.5000 61.0607
166.9000 -15.4895 61.0607
166.8905 -15.4500 61.0607
166.8905 -15.4500 61.0607
166.8801 -15.4000 61.0607
166.8711 -15.3500 61.0607
166.8711 -15.3500 61.0607
166.8633 -15.3000 61.0607
166.8633 -15.3000 61.0607
166.8566 -15.2500 61.0607
166.8512 -15.2000 61.0607
166.8500 -15.1862 61.0977
166.8466 -15.1500 61.0977
166.8466 -15.1500 61.0977
166.8433 -15.1000 62.1324
166.8411 -15.0500 62.1324
166.8411 -15.0500 62.1324
166.8399 -15.0000 63.4227
166.8399 -15.0000 63.4227
166.8393 -14.9500 64.7996
166.8389 -14.9000 66.2443
166.8389 -14.9000 66.2443
166.8378 -14.8500 66.3112
166.8378 -14.8500 66.3112
166.8355 -14.8000 69.2233
166.8312 -14.7500 69.4327
166.8312 -14.7500 69.4327
166.8246 -14.7000 70.0708
166.8246 -14.7000 70.0708
166.8154 -14.6500 70.2328
166.8040 -14.6000 70.4523
166.8000 -14.5856 70.4966
166.7895 -14.5500 70.9007
166.7895 -14.5500 70.9007
166.7732 -14.5000 71.2303
166.7562 -14.4500 71.6064
166.7500 -14.4321 72.0079
166.7379 -14.4000 72.3966
166.7379 -14.4000 72.3966
166.7194 -14.3500 72.3966
166.7019 -14.3000 72.7527
166.7000 -14.2943 73.0619
166.6836 -14.2500 73.0619
166.6836 -14.2500 73.0619
166.6665 -14.2000 73.1149
166.6508 -14.1500 73.3194
166.6500 -14.1475 73.5273
166.6345 -14.1000 73.5273
166.6345 -14.1000 73.5273
166.6196 -14.0500 73.5331
166.6059 -14.0000 73.7022
166.6059 -14.0000 73.7022
166.5924 -13.9500 73.8395
166.5924 -13.9500 73.8395
166.5793 -13.9000 73.9412
166.5671 -13.8500 73.9412
166.5671 -13.8500 73.9412
166.5557 -13.8000 74.0113
166.5500 -13.7739 74.0483
166.5443 -13.7500 74.0498
166.5328 -13.7000 74.0406
166.5328 -13.7000 74.0406
166.5219 -13.6500 73.9849
166.5219 -13.6500 73.9849
166.5114 -13.6000 73.8739
166.5013 -13.5500 73.6987
166.5000 -13.5436 73.6987
166.4904 -13.5000 73.4513
166.4904 -13.5000 73.4513
166.4797 -13.4500 73.1229
166.4694 -13.4000 72.7196
166.4694 -13.4000 72.7196
166.4595 -13.3500 72.2031
166.4595 -13.3500 72.2031
166.4500 -13.3000 73.6987
166.4398 -13.2500 72.2031
166.4398 -13.2500 72.2031
166.3987 -13.0000 65.8148
166.3917 -12.9500 65.8148
166.3917 -12.9500 65.8148
166.3854 -12.9000 65.8148
166.3854 -12.9000 65.8148
166.3796 -12.8500 65.1614
166.3742 -12.8000 63.9330
166.3742 -12.8000 63.9330
166.3690 -12.7500 63.2881
166.3690 -12.7500 63.2881
166.3636 -12.7000 62.8964
166.3580 -12.6500 62.7601
166.3580 -12.6500 62.7601
166.3517 -12.6000 62.8149
166.3500 -12.5879 63.0084
166.3438 -12.5500 63.6034
166.3345 -12.5000 63.9545
166.3345 -12.5000 63.9545
166.3239 -12.4500 64.5499
166.3239 -12.4500 64.5499
166.3122 -12.4000 64.7841
166.3000 -12.3526 65.1724
166.2992 -12.3500 65.2634
166.2834 -12.3000 65.4325
166.2834 -12.3000 65.4325
166.2670 -12.2500 65.5269
166.2505 -12.2000 65.5891
166.2500 -12.1986 65.5988
166.2318 -12.1500 65.5988
166.2318 -12.1500 65.5988
166.2137 -12.1000 65.5761
166.2000 -12.0602 65.3946
166.1961 -12.0500 65.3946
166.1777 -12.0000 65.3946
166.1777 -12.0000 65.3946
166.1606 -11.9500 65.2178
166.1500 -11.9168 64.9980
166.1440 -11.9000 64.9980
166.1271 -11.8500 64.7458
166.1271 -11.8500 64.7458
166.1114 -11.8000 64.7458
166.1000 -11.7616 64.1874
166.0961 -11.7500 64.1874
166.0797 -11.7000 63.9498
166.0797 -11.7000 63.9498
166.0639 -11.6500 63.8193
166.0500 -11.6054 63.8752
166.0481 -11.6000 64.1031
166.0298 -11.5500 64.6328
166.0298 -11.5500 64.6328
98.6818 -0.9000 60.3402
98.7711 -1.0000 60.3402
98.8586 -1.1000 60.4013
98.9500 -1.2077 60.3042
99.0500 -1.3287 60.2200
99.1500 -1.4492 60.1780
99.2346 -1.5500 60.0433
99.3203 -1.6500 59.9610
99.4071 -1.7500 59.7816
99.5358 -1.9000 59.2596
99.6191 -2.0000 58.8258
99.8000 -2.2299 58.3330
99.8890 -2.3500 58.2127
99.9980 -2.5000 58.2650
100.0701 -2.6000 58.4062
100.1798 -2.7500 58.8253
100.2536 -2.8500 59.3087
100.3624 -3.0000 60.5703
100.4500 -3.1241 61.7114
100.5500 -3.2701 63.0350
100.6378 -3.4000 63.8187
100.7407 -3.5500 64.2147
100.8108 -3.6500 64.5279
100.9176 -3.8000 64.9109
101.0245 -3.9500 65.2635
101.1000 -4.0564 65.4842
101.2000 -4.1988 65.7359
101.3000 -4.3407 65.7593
101.3783 -4.4500 65.7610
101.4891 -4.6000 65.6503
101.5649 -4.7000 65.5633
101.6810 -4.8500 65.0946
101.7591 -4.9500 64.5873
101.8500 -5.0670 63.5827
101.9500 -5.1953 62.9746
102.0340 -5.3000 62.5154
102.1214 -5.4000 62.8633
102.2240 -5.5000 63.5827
102.3000 -5.5616 64.5873
102.4000 -5.6287 65.0291
102.5000 -5.6848 65.0946
102.6000 -5.7355 65.0291
102.7000 -5.7858 63.9426
102.8000 -5.8412 62.5154
102.8892 -5.9000 61.5785
102.9529 -5.9500 63.4863
103.0574 -6.0500 66.2285
103.1500 -6.1549 66.9051
103.2500 -6.2735 66.9506
103.3500 -6.3840 66.9506
103.4500 -6.4813 66.9444
103.5291 -6.5500 66.9051
103.6500 -6.6433 66.9051
103.7315 -6.7000 66.9051
103.8092 -6.7500 66.9051
103.9000 -6.8039 66.9051
104.0000 -6.8578 66.9051
104.1000 -6.9069 66.9187
104.1940 -6.9500 66.9506
104.3000 -6.9974 66.9402
104.3500 -7.0201 66.8901
104.4500 -7.0669 66.6903
104.5500 -7.1176 66.3187
104.6500 -7.1734 65.9297
104.7500 -7.2344 65.5267
104.8500 -7.2992 65.2354
104.9262 -7.3500 65.0991
105.0500 -7.4311 65.0498
105.1000 -7.4626 65.0498
105.2000 -7.5229 64.9958
105.3000 -7.5808 64.9899
105.4000 -7.6386 65.0162
105.6000 -7.7695 64.9091
105.7000 -7.8495 64.5809
105.7559 -7.9000 64.0946
105.8565 -8.0000 63.3406
105.9509 -8.1000 62.4700
106.0500 -8.2037 62.4700
106.1500 -8.2994 62.7078
106.2500 -8.3831 62.9353
106.3425 -8.4500 63.1440
106.4203 -8.5000 63.3406
106.5063 -8.5500 63.4948
106.6016 -8.6000 63.5228
106.7077 -8.6500 63.5228
106.8000 -8.6891 63.6856
106.9000 -8.7265 63.6856
107.0000 -8.7582 63.8961
107.1000 -8.7844 63.9721
107.1741 -8.8000 63.9721
107.2500 -8.8138 64.0946
107.3500 -8.8284 64.0946
107.4500 -8.8405 63.8961
107.5500 -8.8516 63.5228
107.6500 -8.8639 62.9353
107.7500 -8.8780 62.2212
107.8500 -8.8949 61.1488
107.9000 -8.9048 60.6074
108.0000 -8.9273 59.8559
108.1000 -8.9525 59.2289
108.2000 -8.9813 59.1446
108.3000 -9.0121 59.3095
108.4000 -9.0449 59.4454
108.5000 -9.0796 59.6045
108.5588 -9.1000 59.6473
108.6500 -9.1321 59.6522
108.7500 -9.1652 59.6493
108.8500 -9.1947 59.6473
108.9500 -9.2191 59.6315
109.0500 -9.2371 59.6045
109.1500 -9.2490 59.5634
109.2500 -9.2559 59.5068
109.3000 -9.2578 59.5068
109.4000 -9.2595 59.5738
109.5000 -9.2597 59.6315
109.6000 -9.2599 59.6493
109.7000 -9.2611 59.5569
109.8000 -9.2643 59.4698
109.9000 -9.2696 59.4078
109.9500 -9.2731 59.3716
110.0500 -9.2818 59.3078
110.1500 -9.2923 59.2181
110.2500 -9.3046 59.1089
110.3500 -9.3187 59.1298
110.4500 -9.3335 59.2231
110.5500 -9.3486 59.3889
110.6500 -9.3648 59.7528
110.7000 -9.3729 59.8712
110.8000 -9.3888 60.1730
110.9000 -9.4048 60.4533
111.0000 -9.4214 60.7173
111.1000 -9.4377 60.9442
111.1767 -9.4500 61.1365
111.3000 -9.4710 61.2955
111.3500 -9.4793 61.3581
111.4772 -9.5000 61.4767
111.5500 -9.5123 61.4985
111.6500 -9.5286 61.5178
111.7500 -9.5445 61.5084
111.8500 -9.5610 61.4403
111.9500 -9.5783 61.2778
112.0500 -9.5967 61.0417
112.1000 -9.6069 60.8232
112.2000 -9.6296 60.4645
112.3000 -9.6549 59.8099
112.4000 -9.6841 59.3865
112.5000 -9.7162 58.7994
112.5988 -9.7500 58.4939
112.7000 -9.7867 58.0441
112.7500 -9.8048 57.7791
112.8745 -9.8500 57.5591
112.9500 -9.8771 57.4737
113.0500 -9.9116 57.4089
113.1500 -9.9446 57.3666
113.2500 -9.9762 57.3514
113.3308 -10.0000 57.3797
113.4500 -10.0332 57.3797
113.5179 -10.0500 57.4341
113.6000 -10.0693 57.4341
113.7000 -10.0894 57.4341
113.8000 -10.1063 57.4341
113.9000 -10.1205 57.4341
114.0000 -10.1317 57.5118
114.1000 -10.1407 57.6123
114.1500 -10.1445 57.6823
114.2500 -10.1515 57.8673
114.3500 -10.1582 58.1796
114.4500 -10.1647 58.5239
114.5500 -10.1713 58.8736
114.6500 -10.1781 59.2176
114.7500 -10.1855 59.7045
114.8500 -10.1934 60.0136
114.9276 -10.2000 60.3094
115.0000 -10.2069 60.5882
115.1000 -10.2165 60.8011
115.2000 -10.2260 60.9607
115.3000 -10.2347 61.1622
115.4000 -10.2426 61.2508
115.5000 -10.2494 61.3956
115.5500 -10.2527 61.4621
115.6500 -10.2587 61.5587
115.7500 -10.2643 61.6603
115.8500 -10.2699 61.8177
115.9500 -10.2761 62.1313
116.0500 -10.2831 62.5383
116.1500 -10.2915 63.0155
116.2346 -10.3000 63.3458
116.3000 -10.3079 63.6738
116.4000 -10.3217 64.2869
116.5000 -10.3373 64.5471
116.6000 -10.3547 64.9166
116.7000 -10.3735 65.0134
116.8000 -10.3920 65.0404
116.9000 -10.4097 65.0601
116.9500 -10.4180 65.0601
117.0500 -10.4326 65.0601
117.1500 -10.4442 65.0601
117.2500 -10.4525 65.0601
117.3500 -10.4574 65.0601
117.4500 -10.4587 65.0601
117.5500 -10.4563 65.0601
117.6500 -10.4504 65.0601
117.7000 -10.4463 65.0601
117.8000 -10.4359 65.0574
117.9000 -10.4230 65.0481
178.1000 51.1391 60.9891
178.2000 51.1250 60.9891
178.3000 51.1127 60.9891
178.4000 51.1020 60.9891
178.4500 51.0967 61.0312
178.5500 51.0868 61.0606
178.6500 51.0780 61.0872
178.7500 51.0700 61.1380
178.8500 51.0628 61.1647
178.9500 51.0561 61.2306
179.0500 51.0500 61.1380
179.1500 51.0437 61.3878
179.2500 51.0380 61.5489
179.3500 51.0330 61.7416
179.4000 51.0307 61.7416
179.5000 51.0267 62.0134
179.6000 51.0233 62.1639
179.7000 51.0206 62.4832
179.8000 51.0183 62.6498
179.9000 51.0165 62.9899
180.0000 51.0151 63.3344
180.1000 51.0140 63.6764
180.2000 51.0133 63.8458
180.3000 51.0131 64.1782
180.3500 51.0133 64.1782
180.4500 51.0143 64.5041
180.5500 51.0161 64.6651
180.6500 51.0189 64.8247
180.7500 51.0225 65.1451
180.8500 51.0268 65.3056
180.9500 51.0316 65.6271
181.0500 51.0367 65.9487
181.1500 51.0418 66.2674
181.2500 51.0469 66.7341
181.3156 51.0500 66.8860
181.4000 51.0535 67.1799
181.5000 51.0575 67.4606
181.6000 51.0611 67.7248
181.7000 51.0645 68.0927
181.8000 51.0674 68.3225
181.9000 51.0698 68.6409
182.0000 51.0715 68.8298
182.1000 51.0723 69.0658
182.2000 51.0725 69.1804
182.2500 51.0723 69.2240
182.3500 51.0717 69.2805
182.4500 51.0712 69.2952
182.5500 51.0714 69.2877
182.6500 51.0730 69.2710
182.7500 51.0766 69.2621
182.8500 51.0825 69.2621
182.9500 51.0909 69.2456
183.0369 51.1000 69.1673
183.1500 51.1126 69.1185
183.2000 51.1186 69.1185
183.3000 51.1311 69.0052
183.4000 51.1435 68.8080
183.5000 51.1548 68.6057
183.6000 51.1648 68.4255
183.7000 51.1739 68.3137
183.8000 51.1822 68.2124
183.9000 51.1898 68.0500
184.0000 51.1970 67.9140
184.1000 51.2034 67.6323
184.1500 51.2064 67.5135
184.2500 51.2123 67.2287
184.3500 51.2182 66.8820
184.4500 51.2242 66.6855
184.5500 51.2306 66.2567
184.6500 51.2375 66.0264
184.7500 51.2454 65.5513
184.8500 51.2538 65.3128
184.9500 51.2627 64.8502
185.0500 51.2722 64.4211
185.1000 51.2769 64.2232
185.2000 51.2861 63.7112
185.3000 51.2941 63.3163
185.4048 51.3000 62.9022
185.5000 51.3022 62.7733
185.6000 51.3012 62.8099
185.7000 51.2965 62.9075
185.8000 51.2883 62.9010
185.9000 51.2779 62.8047
186.0000 51.2665 62.7505
186.0500 51.2609 62.7505
186.1587 51.2500 62.7286
186.2500 51.2423 62.7505
186.3500 51.2372 62.7774
186.4500 51.2358 62.8047
186.5500 51.2380 62.8334
186.6500 51.2435 62.8599
186.7306 51.2500 62.8047
186.8500 51.2612 62.8047
186.9500 51.2723 62.7774
187.0000 51.2783 62.7774
187.1000 51.2910 62.7505
187.2000 51.3045 62.7115
187.3000 51.3184 62.6887
187.4000 51.3334 62.6868
187.5000 51.3497 62.6887
187.6000 51.3662 62.6964
187.7000 51.3839 62.7077
187.7851 51.4000 62.7425
187.9000 51.4217 62.7506
187.9500 51.4317 62.7506
188.0500 51.4528 62.7626
188.1500 51.4746 62.7626
188.2542 51.5000 62.7672
188.3500 51.5245 62.7672
188.4500 51.5532 62.7708
188.5500 51.5839 62.7708
188.6500 51.6174 62.7759
188.7402 51.6500 62.8007
188.8500 51.6906 62.8007
188.9000 51.7096 62.8584
189.0059 51.7500 63.0313
189.1000 51.7844 63.1802
189.2000 51.8198 63.3957
189.3000 51.8538 63.3631
189.4000 51.8852 63.2932
189.5000 51.9154 63.1983
189.6000 51.9449 63.1634
189.7000 51.9729 63.1713
189.7947 52.0000 63.2605
189.8500 52.0148 63.3099
189.9760 52.0500 63.5045
190.0500 52.0696 63.5800
190.1608 52.1000 63.8977
190.2500 52.1229 63.9712
190.3500 52.1495 64.0370
190.4500 52.1743 64.1697
190.5498 52.2000 63.5045
190.6500 52.2241 64.0827
190.7500 52.2493 63.9388
190.8000 52.2610 63.5601
190.9000 52.2848 63.2860
191.0000 52.3080 62.3358
191.1000 52.3292 61.4513
191.2064 52.3500 60.0312
191.3000 52.3647 59.0064
191.4000 52.3779 57.7843
191.5000 52.3885 56.4958
191.6000 52.3969 55.5328
191.7000 52.4040 54.9058
191.7500 52.4074 54.6003
191.8500 52.4152 54.6003
191.9500 52.4249 54.9058
192.0500 52.4376 55.2112
192.1500 52.4532 55.2112
192.2500 52.4711 55.2112
192.3500 52.4917 55.2112
192.4500 52.5135 54.6003
192.5500 52.5363 54.2986
192.6500 52.5595 53.7266
192.7000 52.5711 53.4608
192.8223 52.6000 52.9975
192.9000 52.6181 52.8076
193.0000 52.6421 52.6138
193.1000 52.6661 52.4767
193.2000 52.6907 52.4608
193.3000 52.7155 52.5648
193.4000 52.7407 52.8699
193.5000 52.7661 53.3579
193.6000 52.7916 53.6614
193.6500 52.8044 54.3692
193.7500 52.8296 55.1790
193.8500 52.8544 56.4986
193.9500 52.8779 57.7552
194.0500 52.9003 58.9197
194.1500 52.9209 60.1299
194.2500 52.9401 60.8013
194.3500 52.9581 61.2688
194.4500 52.9755 61.3775
194.5500 52.9928 61.5191
194.6000 53.0016 61.5191
194.7000 53.0198 61.5275
194.8000 53.0390 61.5275
194.9000 53.0595 61.5426
195.0000 53.0812 61.5426
195.1000 53.1042 61.4662
195.2000 53.1283 61.3631
195.2870 53.1500 61.3631
195.4000 53.1788 61.0398
195.4824 53.2000 60.8924
195.5500 53.2174 60.6387
195.6774 53.2500 60.3858
195.7500 53.2683 60.0330
195.8500 53.2932 59.8425
195.9500 53.3178 59.3579
196.0500 53.3422 58.8778
196.1500 53.3665 58.7318
196.2500 53.3908 58.4974
196.3500 53.4154 58.4296
196.4500 53.4406 58.3230
196.5000 53.4536 58.3230
196.6000 53.4807 58.3216
196.7000 53.5100 58.3230
196.8000 53.5422 58.3512
196.9000 53.5780 58.4296
197.0000 53.6172 58.4296
197.1000 53.6595 58.3512
197.1920 53.7000 58.3301
197.3000 53.7474 58.4253
197.4000 53.7895 58.8637
197.4500 53.8094 59.1466
197.5595 53.8500 59.2983
197.6500 53.8795 58.9442
197.7500 53.9082 58.2968
197.8500 53.9326 57.4145
197.9500 53.9535 56.3696
198.0500 53.9711 55.2593
198.1500 53.9867 54.1342
198.2429 54.0000 52.8443
198.3500 54.0141 51.6778
198.4000 54.0206 51.1812
198.5000 54.0337 50.1248
198.6215 54.0500 49.1219
198.7000 54.0604 48.6391
198.8000 54.0741 47.9028
198.9000 54.0882 47.3989
199.0000 54.1026 46.8802
199.1000 54.1170 46.4824
199.2000 54.1319 46.2461
199.3000 54.1473 46.0358
199.3500 54.1551 45.8479
199.4500 54.1712 45.6753
199.5500 54.1883 45.6753
199.6500 54.2063 45.5092
199.7500 54.2254 45.5092
199.8500 54.2461 45.5092
199.9500 54.2682 45.5614
200.0500 54.2927 45.8479
200.1500 54.3197 45.8479
200.3000 54.3661 46.2461
200.4000 54.4008 46.2461
200.5000 54.4375 46.2461
200.6000 54.4750 45.8479
200.7000 54.5120 44.9941
200.8000 54.5471 44.4512
200.9000 54.5792 44.8616
201.0000 54.6088 48.8512
201.1000 54.6359 50.1378
201.2000 54.6617 50.1378
201.2500 54.6742 50.1378
201.7500 54.8132 50.1378
201.8500 54.8487 50.1378
201.9500 54.8878 50.1378
202.0500 54.9316 50.1378
202.1500 54.9802 50.1378
202.2000 55.0063 50.1378
202.3000 55.0613 50.1378
202.4000 55.1190 50.1378
202.5000 55.1774 50.1378
204.7000 56.1822 55.5740
204.8000 56.2150 55.7609
204.9000 56.2449 56.0581
205.0000 56.2720 55.6550
205.0500 56.2847 55.6806
205.1500 56.3087 55.9109
205.2500 56.3312 57.2807
205.3500 56.3532 58.3149
205.4500 56.3755 58.3149
205.5500 56.3994 57.2807
205.6500 56.4259 57.2807
205.7307 56.4500 55.9109
205.8500 56.4904 55.6439
205.9500 56.5288 55.6550
206.0012 56.5500 55.8063
206.1155 56.6000 55.8063
206.2243 56.6500 55.6471
206.3000 56.6853 55.6137
206.4000 56.7312 55.9109
148.2630 -7.4500 73.0262
148.4789 -6.9000 68.0998
148.5764 -6.8500 68.8900
148.6500 -6.8127 68.8900
148.6500 -6.8127 68.8900
148.6736 -6.8000 69.6445
148.7000 -6.7872 69.6445
148.7500 -6.7623 69.8541
148.7742 -6.7500 70.2052
148.8000 -6.7382 70.2773
148.8000 -6.7382 70.2773
148.8500 -6.7152 70.3457
148.8827 -6.7000 70.3984
148.9000 -6.6927 70.4010
148.9500 -6.6719 70.4023
148.9500 -6.6719 70.4023
149.0000 -6.6511 70.4144
149.0026 -6.6500 70.5076
149.0500 -6.6326 70.5982
149.1000 -6.6144 70.7168
149.1000 -6.6144 70.7168
149.1402 -6.6000 71.0133
149.1500 -6.5968 71.1732
149.2000 -6.5812 71.3290
149.2000 -6.5812 71.3290
149.2500 -6.5660 71.6050
149.3000 -6.5511 71.7230
149.3038 -6.5500 71.8305
149.3500 -6.5380 71.9316
149.3500 -6.5380 71.9316
149.4000 -6.5254 72.0343
149.4000 -6.5254 72.0343
149.4500 -6.5129 72.2314
149.5000 -6.5004 72.2811
149.5015 -6.5000 72.4490
149.5500 -6.4892 72.6590
149.5500 -6.4892 72.6590
149.6000 -6.4779 72.9108
149.6000 -6.4779 72.9108
149.6500 -6.4662 73.1932
149.6500 -6.4662 73.1932
149.7000 -6.4540 73.4863
149.7161 -6.4500 73.7672
149.7500 -6.4422 73.7672
149.8000 -6.4303 74.0161
149.8000 -6.4303 74.0161
149.8500 -6.4177 74.1635
149.8500 -6.4177 74.1635
149.9000 -6.4044 74.2176
149.9158 -6.4000 74.3635
149.9500 -6.3913 74.3635
150.0000 -6.3780 74.4516
150.0000 -6.3780 74.4516
150.0500 -6.3637 74.4856
150.0500 -6.3637 74.4856
150.1000 -6.3486 74.4749
150.1500 -6.3340 74.4749
150.1500 -6.3340 74.4749
150.2000 -6.3182 74.4296
150.2000 -6.3182 74.4296
150.2500 -6.3010 74.4296
150.2527 -6.3000 74.3641
150.3000 -6.2842 74.3641
150.3500 -6.2659 74.3385
150.3500 -6.2659 74.3385
150.3899 -6.2500 74.2124
150.4000 -6.2463 74.2124
150.4500 -6.2269 74.2124
150.4500 -6.2269 74.2124
150.5000 -6.2056 74.2124
150.5126 -6.2000 74.1453
150.5500 -6.1844 74.1016
150.6000 -6.1620 74.0916
150.6000 -6.1620 74.0916
150.6253 -6.1500 74.0423
150.6500 -6.1390 74.0423
150.7000 -6.1153 74.0423
150.7304 -6.1000 73.9807
150.7500 -6.0907 73.9807
150.8000 -6.0657 73.9327
150.8000 -6.0657 73.9327
150.8298 -6.0500 73.8412
150.8500 -6.0399 73.8142
150.9000 -6.0141 73.6970
150.9263 -6.0000 73.5235
150.9500 -5.9880 73.4937
151.0000 -5.9622 73.2095
151.0000 -5.9622 73.2095
151.0234 -5.9500 72.8536
151.0500 -5.9370 72.8536
151.1000 -5.9123 72.4402
151.1249 -5.9000 71.9908
151.1500 -5.8884 71.5687
151.2000 -5.8654 71.5301
151.2000 -5.8654 71.5301
151.2332 -5.8500 70.6699
151.2500 -5.8427 70.6699
151.3000 -5.8212 70.2992
151.3000 -5.8212 70.2992
151.3480 -5.8000 69.9211
151.3500 -5.7992 69.9211
151.4000 -5.7788 69.6939
151.4500 -5.7576 69.6161
151.4500 -5.7576 69.6161
151.5000 -5.7370 69.3333
151.5000 -5.7370 69.3333
151.5500 -5.7163 69.2001
151.5877 -5.7000 68.7257
151.6000 -5.6951 68.9498
151.6500 -5.6744 68.7257
151.6500 -5.6744 68.7257
151.7000 -5.6523 68.6737
151.7051 -5.6500 68.3619
151.7500 -5.6310 68.3498
151.7500 -5.6310 68.3498
151.8000 -5.6085 68.0128
151.8181 -5.6000 67.6524
151.8500 -5.5861 67.6524
151.9000 -5.5632 67.4971
151.9000 -5.5632 67.4971
151.9500 -5.5402 67.1211
151.9500 -5.5402 67.1211
152.0000 -5.5177 67.0243
152.0382 -5.5000 66.7562
152.0500 -5.4949 66.7562
152.1000 -5.4734 66.7560
152.1000 -5.4734 66.7560
152.1500 -5.4514 66.8310
152.1532 -5.4500 67.0910
152.2000 -5.4313 67.2519
152.2000 -5.4313 67.2519
152.2500 -5.4113 67.6017
152.2788 -5.4000 68.4226
152.3000 -5.3923 68.7638
152.3500 -5.3751 69.2614
152.3500 -5.3751 69.2614
152.4000 -5.3586 69.9849
152.4283 -5.3500 70.2639
152.4500 -5.3440 70.6455
152.5000 -5.3318 70.7515
152.5000 -5.3318 70.7515
152.5500 -5.3214 70.6193
152.5500 -5.3214 70.6193
152.6000 -5.3128 70.2520
152.6000 -5.3128 70.2520
152.6500 -5.3062 70.1655
152.7000 -5.3016 70.4408
152.7000 -5.3016 70.4408
152.7319 -5.3000 70.5867
152.7500 -5.2992 70.7257
152.8000 -5.2986 70.9656
152.8000 -5.2986 70.9656
152.8500 -5.2998 70.9509
152.8541 -5.3000 70.8987
152.9000 -5.3028 70.7338
152.9500 -5.3077 70.5059
152.9500 -5.3077 70.5059
153.0000 -5.3143 70.1982
153.0000 -5.3143 70.1982
153.0500 -5.3226 70.1781
153.0500 -5.3226 70.1781
153.1000 -5.3326 70.4755
153.1500 -5.3443 71.1337
153.1500 -5.3443 71.1337
153.2000 -5.3586 72.5032
153.2000 -5.3586 72.5032
153.2500 -5.3753 73.0262
153.2500 -5.3753 73.0262
153.3000 -5.3936 73.0262
