146.2000 13.7558 68.7297
147.1347 15.8000 72.9554
147.3081 18.0500 73.0552
146.4184 20.1500 72.5082
145.1500 22.0290 66.2100
142.3825 27.8500 72.3014
141.7157 30.0500 67.0810
141.5098 32.3000 50.6244
141.1653 34.5500 32.8131
142.6449 36.9500 29.1170
143.2500 39.1341 27.4663
144.0500 41.3492 26.4453
146.4000 42.6632 35.7259
148.8000 44.1261 43.6034
151.3405 45.4000 42.2065
153.5919 47.0000 47.5760
155.7000 48.7362 47.8084
157.9444 50.4000 46.9032
160.1043 52.2000 52.9460
161.8550 54.2000 68.1435
162.3022 54.8000 69.4870
178.9904 -37.2000 68.9870
180.2433 -35.2000 63.3006
181.2804 -33.1500 64.8504
182.1813 -31.0500 65.2420
183.1093 -28.9500 58.4789
183.6599 -26.7500 54.3988
184.4672 -24.6500 50.8864
184.8729 -22.4500 57.6612
185.8872 -20.4000 47.2727
186.3210 -19.0500 42.6450
286.0500 -38.2374 52.0757
286.5934 -36.0000 48.0426
288.2001 -29.5500 50.6065
288.7887 -27.3500 58.3947
288.9456 -25.1500 48.0642
289.2109 -22.9000 47.0715
289.2254 -20.7000 44.8616
288.4500 -18.6591 45.8737
286.7352 -17.1500 64.8533
282.0500 -12.3660 48.4845
280.8044 -10.5000 56.8989
279.6788 -8.4500 56.4645
278.8714 -6.4500 57.0202
278.7387 -4.2000 56.1983
279.0838 -2.0000 57.7439
279.6485 0.2000 55.1212
280.8000 2.0520 49.7558
282.1383 3.9500 43.6760
282.6056 6.0000 60.7517
274.0032 10.3000 71.2794
272.3473 11.8500 70.1706
270.2500 12.7671 66.7213
268.1000 13.6679 68.4371
266.0500 14.7622 62.4254
263.4000 15.8386 59.5724
261.1500 16.5409 69.1605
259.0000 17.4487 73.6395
257.9000 17.7444 68.8280
235.8448 42.3500 64.8675
235.6735 44.6000 66.0180
235.6820 46.8500 45.5142
234.5523 48.4000 59.5394
124.1000 24.0045 56.6728
122.5862 24.1000 58.8977
124.9000 24.1599 58.4101
126.9750 25.3500 60.9317
128.7167 26.9500 60.7953
130.2740 28.7000 52.8499
131.6272 30.6000 54.3241
132.8000 32.4588 64.8581
335.1362 -58.1500 71.1285
333.7000 -56.0975 69.9624
331.5000 -55.2182 65.3588
168.0782 -18.4500 65.7802
167.5151 -16.8000 72.6316
166.8246 -14.7000 70.0708
166.3345 -12.5000 63.9545
166.0298 -11.5500 64.6328
100.0701 -2.6000 58.4062
101.3783 -4.4500 65.7610
102.9529 -5.9500 63.4863
104.7500 -7.2344 65.5267
106.6016 -8.6000 63.5228
108.7500 -9.1652 59.6493
111.0000 -9.4214 60.7173
113.2500 -9.9762 57.3514
115.5000 -10.2494 61.3956
117.8000 -10.4359 65.0574
181.7000 51.0645 68.0927
185.3000 51.2941 63.3163
188.7402 51.6500 62.8007
192.1500 52.4532 55.2112
195.6774 53.2500 60.3858
199.1000 54.1170 46.4824
202.5000 55.1774 50.1378
205.7307 56.4500 55.9109
206.4000 56.7312 55.9109
150.0500 -6.3637 74.4856
152.1000 -5.4734 66.7560
153.3000 -5.3936 73.0262
