-0.266447
-0.173551
-0.080497
-0.215320
0.119021
0.195718
0.287776
0.266587
0.809464
0.573822
-2.086448
-2.124542
-0.588206
-0.655404
-2.190006
-2.250104
-2.311957
-2.291975
0.314516
0.410926
0.488729
0.565705
1.118525
1.203479
1.791445
0.131388
-0.014860
0.151192
0.156735
0.161569
0.165628
0.169109
0.172194
0.175642
-0.848620
-0.740894
0.210846
0.211625
0.213151
0.214566
0.215854
0.217039
0.215957
0.219279
0.221268
-0.995844
-1.000613
0.190359
0.189968
0.189937
0.189797
0.189497
0.189129
0.189267
-0.763490
-0.923405
0.108189
0.104846
0.099515
0.090284
0.071744
-0.042027
0.218526
1.300627
0.188737
0.201365
0.209440
0.215003
0.218362
0.220924
0.222265
0.223244
0.170067
-0.109984
-1.167782
0.254100
0.252949
0.252612
0.252466
0.252336
0.252074
0.021748
0.023371
0.254977
0.255820
0.259504
2.473488
-0.551988
0.249105
0.234810
0.230434
0.227233
0.223963
0.220112
0.215346
2.178411
2.209867
0.084536
0.083832
0.082036
0.079919
0.077561
0.074941
0.072159
0.068916
0.063343
1.509702
1.518708
0.017204
0.016412
0.015149
0.014205
0.015434
-1.527712
-1.443627
0.044887
0.042952
0.041717
0.043417
-1.751871
-1.842451
0.055286
0.050847
0.047536
0.046610
-0.690308
-0.875879
0.022924
0.018670
0.013003
0.230785
0.177650
0.425011
0.311575
0.203953
-0.088002
-0.204190
0.051236
-0.083925
-0.102830
-0.258695
0.144060
0.157529
0.159319
0.159179
0.158129
0.148975
0.152188
0.153171
0.150284
0.145290
0.125841
4.479438
4.401338
4.327657
4.017400
0.001145
-0.018779
0.008965
0.007894
0.006305
0.004395
0.693536
0.788908
0.155724
0.155008
0.153226
0.151242
0.149176
0.147333
0.145177
0.142871
0.140325
0.137180
0.133011
0.412154
1.340394
-0.280885
-0.131502
0.023306
0.183242
0.178752
0.175180
0.171897
0.168737
0.165709
0.162877
0.160386
0.158545
0.172357
0.163368
-1.193837
-1.645418
0.024748
0.027916
0.037352
-1.728985
-1.558039
-1.681896
-1.804959
-2.121948
-2.236490
-2.352587
-2.476066
1.019645
-0.283638
0.165226
0.159998
0.155626
0.149987
0.841139
-0.827060
-0.648263
0.658383
0.152509
0.390640
0.331702
0.127966
0.125764
0.122923
0.120058
0.106340
0.102296
0.111128
0.108181
0.092098
0.102607
-0.204008
-0.230487
0.075059
0.072144
0.069343
0.066449
0.063613
0.060912
0.058497
0.057028
-0.371740
-0.460309
0.001124
-0.000030
-0.001095
-0.001765
-0.002058
-0.001274
0.113425
-0.009548
0.051903
0.047483
0.043532
0.039755
0.035954
0.032131
0.026358
0.637428
0.492399
0.352209
0.212149
0.071844
-0.070718
0.948833
0.806224
0.666039
-1.053455
-1.173775
-1.292851
-1.410908
-1.527933
-1.643881
-1.758676
-1.872182
-1.983767
-2.428354
-2.538319
-2.646891
-2.753148
-2.856889
-2.958005
-3.056455
-3.152339
-3.246313
-3.345072
-0.791372
-0.877908
-0.961268
-1.043585
-1.125043
-1.205448
-3.768044
-3.834667
-3.905645
-3.973926
-4.038697
-4.099694
-4.156786
-4.209890
-4.258957
-4.303988
-4.345174
-4.384751
-4.917362
-4.916501
-4.915949
-4.911716
-4.903389
-4.890896
-4.874570
-6.640965
-6.604477
-6.571616
-6.534972
-6.493796
-6.447968
-6.397677
-6.345075
-5.751775
-5.685258
-5.614402
-5.543269
-4.057969
-3.990196
-3.917377
-3.842404
-5.815441
-5.703492
-5.596083
-5.485153
-5.473896
-5.291425
-5.104992
-4.914652
-4.721186
-4.524529
-4.288567
-4.062486
-3.833639
-3.631081
-2.127461
-1.906796
-2.741955
-2.559990
-2.390622
-0.480801
-0.401833
-0.238399
-0.245300
-0.166022
-0.012418
1.044805
0.102704
0.110595
0.115318
0.119697
0.124474
0.127769
0.131812
0.518861
0.510901
0.141386
0.146525
0.149896
0.153081
0.156094
0.157738
0.187921
-0.596700
0.160796
0.163963
-0.591695
-0.742418
0.111113
0.109786
0.107675
0.099061
4.577404
4.029011
4.113246
4.199443
4.293616
-2.130799
-2.049938
-1.981508
1.865190
1.774745
0.144413
0.152916
0.156153
0.158550
0.160801
0.162945
0.165004
0.166953
0.168756
0.344817
0.340068
0.149143
0.150796
0.151189
0.144800
3.580609
3.250827
3.337411
0.042316
0.044872
0.047948
0.052089
0.057465
0.062067
0.223706
0.235076
0.086295
0.089656
0.092523
0.094895
0.096527
0.096588
0.067467
-0.181060
-0.214698
-0.239113
-0.261934
-0.283727
-0.302379
-1.717092
-1.732621
-1.751301
-1.773478
-0.239455
-0.256008
-0.267042
-0.275127
-1.859585
-1.867640
-1.878889
-1.888856
-1.653202
0.113234
0.133208
0.137965
0.140414
0.141973
0.143065
0.143863
0.144459
0.144995
0.009165
0.019367
0.143418
0.143292
0.143289
0.143260
0.143202
0.143099
0.096241
0.094458
0.141644
0.141603
0.141661
0.141210
0.503185
0.492174
0.146344
0.146172
0.145538
0.144311
0.141080
1.870983
1.771019
0.504484
0.105390
0.107829
0.108566
0.108977
-0.173046
-0.179773
0.121072
0.120411
0.120108
0.119541
0.120254
-0.425537
-0.406196
0.134438
0.133893
0.133440
0.133149
0.133079
0.133923
-0.600962
-0.661303
0.120399
0.118909
0.117810
0.116893
0.116244
-0.152701
-0.191771
0.091741
0.090803
0.089618
0.087930
0.084294
0.529400
0.614444
0.119104
0.112885
0.830048
0.533859
0.439216
-0.226707
-0.438554
-0.388320
-1.932266
-1.883392
-2.720467
-2.656275
-2.595213
-2.511201
-2.467310
-2.415972
-2.349502
-2.281192
-2.211197
-2.140574
0.162352
0.161336
0.160118
0.049392
0.156108
0.153148
0.150592
0.313628
0.311770
0.151603
0.149788
0.147894
0.145405
0.070651
0.101857
0.165068
0.161483
0.158217
0.239690
0.245197
0.146430
0.143270
0.140098
0.137445
-0.037897
0.130853
0.108866
0.100531
0.129332
0.118820
0.088820
0.076536
0.091892
0.081897
1.972953
1.062078
0.319676
0.572700
0.554932
0.537080
-0.095851
-0.120738
-0.148602
-0.172726
-0.164004
-0.186524
-0.213547
-0.238297
-0.264171
-0.498960
0.024467
0.038680
0.038211
0.037683
-0.271863
-0.239187
0.037821
0.036538
-0.210837
-0.214468
0.030845
0.030784
0.030907
-0.327230
-0.377066
0.009724
0.008965
0.008759
0.008747
0.002151
0.009110
0.009504
0.010107
0.010738
0.194411
0.198323
0.186579
0.175290
-0.035104
-0.043815
-0.053447
-0.062916
-0.175817
-0.184544
-0.193454
-0.202031
-0.209223
-1.280832
3.744663
3.724497
3.717940
5.046644
5.039450
5.525922
5.510077
5.509707
0.006661
0.012569
0.006147
0.088631
0.082619
-0.021523
-0.029303
0.142741
0.134820
0.126816
0.307613
0.299719
0.292322
0.285758
0.087371
0.020910
0.017778
0.020551
0.023102
0.026080
-0.449931
-0.320626
0.032789
0.032659
-0.371840
-0.475847
0.006427
0.010213
0.237009
-0.023671
-0.065847
-0.402103
-0.425529
-0.055140
-0.088002
-0.119657
-0.439239
-0.471807
-0.558624
-1.180767
-1.197433
-1.205003
-1.233795
-1.250956
-1.268097
-1.007998
-1.022600
-1.036182
-1.438198
-1.447865
-1.458253
-1.467816
-1.466222
-1.485474
-1.153703
-1.159139
-1.163546
-1.167005
-1.169292
-1.492808
-1.491627
-1.490609
-1.488668
-1.470025
-1.465314
-1.459215
-1.451770
-1.443031
-1.433465
-1.268090
-1.256718
-1.244301
-1.368495
-1.401549
-1.387318
-1.372928
-1.361283
-0.192432
-0.173050
-0.153182
-0.133193
-0.112772
-0.090599
-0.858223
-0.835295
-0.813815
-0.791953
-0.769497
-0.757661
-0.739055
-0.713314
-0.686798
-0.659667
-0.631363
-0.860937
-0.833200
-0.805525
-0.779479
-0.747738
-0.111193
-0.093165
-0.074305
-0.055547
-0.035522
-0.019093
-0.003031
0.897234
-1.128986
-1.114731
-1.101131
-1.086848
-1.072024
-1.041319
-1.026159
-1.010581
-0.994392
-0.978000
-0.821547
-0.800532
-0.778533
-0.755758
-0.732144
-0.753903
-0.732612
-0.710357
-1.042463
-1.034822
-1.027729
-1.020267
-1.013301
-0.816016
-0.809678
-0.799552
-0.788986
-0.778065
-0.767760
-0.842038
-0.825338
-0.809369
-0.792902
-0.775822
-0.758104
-0.744576
-0.720664
-0.824567
-0.806192
-0.784689
-0.764405
-0.800913
-0.570264
-0.550841
-0.531584
-0.470042
-0.447094
-0.425633
-0.404707
-0.384530
-0.365596
-0.601751
-0.573555
-0.545630
-0.516830
-0.487445
-0.464285
-0.433282
-0.402940
-0.372818
-0.342642
-0.312296
-0.280910
-0.248884
-0.216573
-0.183990
-0.147859
-0.116494
-0.084895
-0.053054
-0.020945
0.011508
0.023174
0.055223
0.086740
0.117976
0.149128
0.165444
0.194171
0.223168
0.252475
0.279962
0.307549
0.186214
0.218665
0.192086
-9.237480
0.269079
0.264267
0.247393
0.228929
0.117637
0.098600
0.075984
-0.138555
-0.159101
-0.040552
-0.061230
-0.081666
-0.102626
-0.114280
-0.139132
-0.164607
-0.420276
-0.331292
-0.403880
-0.414643
-0.424955
-0.413106
-0.442267
-0.683882
-0.692242
-0.528861
-0.708054
-0.716814
-0.178762
-0.186090
-0.192793
-0.199197
-0.204724
-0.595017
-0.599283
-0.604116
-0.608561
-0.612512
-0.615940
-0.618833
-0.621182
-0.622983
-0.624232
-0.624920
-0.625029
-0.624393
-0.714467
-0.712557
-0.707201
-0.707379
-0.695825
-0.699722
-0.681835
-2.052428
-1.951691
-1.875698
-1.797892
-1.718582
-1.638889
-1.301232
-1.220192
-1.138185
-1.055200
-0.971254
-0.886268
-0.799094
-1.393695
-1.355781
-1.318387
-1.280123
-1.241051
-1.307509
-1.267314
-1.231690
-1.185657
-1.187431
-1.101072
-1.059244
-0.707716
-0.663838
-0.621571
-0.835961
-0.789463
-0.745648
-0.455243
-0.405559
-0.354990
-0.303343
-0.874507
-0.833901
-0.795248
-0.801985
-0.709107
-0.705450
-0.656681
-0.592926
-0.539253
-0.485147
-0.430690
-0.375997
-0.320884
-0.090371
-0.037837
0.014998
0.068446
0.233585
0.023672
0.025442
0.026317
0.026844
0.027193
0.027473
-0.028461
-0.023261
0.028369
0.028225
0.028158
0.028135
0.028245
-0.221943
-0.228924
0.022977
0.022095
0.021402
0.020641
0.019769
0.018712
0.017367
0.015491
0.011553
0.459011
0.338177
0.322788
0.297695
0.243728
0.227135
0.207522
0.193462
0.176368
0.159093
0.141778
0.088063
0.069344
0.050476
0.031542
0.012519
0.015785
-0.002631
-0.020840
-0.144145
-0.160965
-0.176988
-0.070630
-0.070320
-0.067727
-0.053537
-0.050202
-0.045859
-0.016456
0.074903
0.077810
0.077559
0.076767
0.075698
0.074449
0.073082
0.071613
0.069945
0.039394
0.107884
1.382574
1.321995
1.264662
1.207167
1.149148
1.058513
1.003892
0.948396
0.966482
0.882311
0.819872
0.758058
0.676470
0.616017
0.467416
-0.302975
-0.253160
-0.164603
-0.151045
-0.099618
-0.047817
0.057842
0.100346
0.152590
0.204674
0.256554
0.308143
0.414724
0.468861
0.519730
0.559036
5.246864
-0.222234
0.067876
0.069571
0.070435
0.070675
0.070792
0.071166
0.071410
-0.888136
-0.994151
0.024764
0.023680
0.024205
0.027060
-0.908591
-0.940067
-0.089737
-0.109209
-0.132121
1.328513
1.643637
0.081551
0.082772
0.082661
0.081988
0.080953
0.079516
0.077255
0.074440
-0.069752
0.621610
0.095154
0.098576
0.102408
0.104514
0.105606
0.106065
-0.467178
-0.417221
0.115342
0.113219
0.111931
0.110920
0.110188
0.110166
-0.438628
-0.494973
-0.006687
0.086996
0.084299
0.081357
0.077114
0.067672
1.936960
1.498040
1.459162
0.057599
0.012271
-0.035416
-0.086507
1.022415
0.885611
-2.344294
-2.406674
-2.467814
-2.526999
-2.584129
-2.639237
-2.693262
-2.480621
-2.515834
-2.557272
-2.597178
-2.636966
-2.804590
-2.839730
-2.874619
-2.907529
-2.938253
-2.966716
-2.992860
-3.016499
-3.120443
-3.139127
-3.155670
-3.169787
-3.181440
-3.190622
-3.197431
-3.167629
-3.169375
-3.168317
-3.164542
-3.158070
-3.148935
-3.137199
-3.123016
-3.106935
-3.093972
-1.883822
-1.855917
-1.828015
-1.798627
-1.767595
-1.734953
-1.700695
-1.664064
-1.624786
-1.585676
-0.568534
0.159005
-5.818927
-5.807616
-5.821195
-7.252485
-1.309837
-0.067932
-0.089118
-0.105270
-1.781309
-0.998035
-0.089132
0.132945
0.130115
0.128340
0.115469
0.114669
0.124272
0.124834
0.122066
0.121025
0.123094
0.119120
-0.801640
-0.764346
0.135447
0.133182
0.131783
0.130628
0.129632
0.128733
0.127990
0.127397
-0.486583
-0.387409
0.289088
0.283111
0.278021
0.273364
0.248667
0.167299
0.111402
0.112696
-1.071224
-1.077417
0.098399
0.095420
0.095339
0.094558
0.093810
-0.043060
-0.050467
0.086211
0.084976
0.083715
0.082207
0.080040
0.077208
-0.210317
-0.088509
-0.394357
-0.393095
-0.390578
-0.387435
-0.131177
-0.124603
-0.117881
-0.111457
-0.022081
-0.016426
-0.008102
-0.002109
-0.388764
-0.382557
-0.378295
0.044937
0.056465
0.077425
-3.518336
-55.252631
-85.195454
-106.964288
-124.869481
-140.316732
-154.039735
-166.485631
-177.951610
-188.621197
-199.268876
-214.577510
-224.046090
-231.514981
-238.002249
-243.677477
-248.604215
-252.817220
-256.338497
-259.189043
-261.418055
-262.884706
-270.279978
-270.763262
-269.322324
-266.917513
-263.538702
-259.056705
-253.266503
-245.800659
-235.316392
-215.829911
-201.275975
-183.966406
-162.225880
-132.953644
-88.872879
-109.138753
-171.502332
-218.326086
-256.442703
-288.663378
-316.563161
-341.177647
-363.295538
-383.700647
-403.524567
-431.289612
-446.894863
-459.924436
-471.829729
-482.849577
-493.021065
-502.144071
-508.814483
-493.898176
-500.208928
-508.387600
-517.499918
-527.759337
-549.494209
-547.766980
-544.623728
-540.859036
-536.030326
-529.584860
-520.828631
-508.743891
-490.416652
-451.439736
-434.213761
-420.422183
-408.908564
-398.909979
-389.950193
-381.693314
-373.870738
-366.213280
-358.166956
-350.509326
-339.046073
-332.214253
-325.565349
-319.350098
-313.520371
-308.203595
-304.002780
-321.355958
-317.347018
-309.828904
-301.231775
-291.701652
-279.618122
-265.581166
-252.182010
-236.548116
-219.619188
-200.807194
-178.508152
-147.310490
-121.331242
-93.016167
-58.167505
-11.130713
-13.804611
-13.952574
-12.975333
-11.680396
-10.258105
-8.735462
-7.131643
-5.361716
-3.402336
-1.262170
33.248809
53.580328
68.408915
80.021933
89.348098
96.856274
101.996722
102.196393
104.376959
105.438635
105.675141
105.035173
103.412593
100.634166
96.419188
90.299091
81.439394
68.180768
46.477648
99.834647
151.283258
185.767091
210.652394
229.171777
242.714591
252.119543
257.888049
260.301624
259.480136
255.405236
247.915719
236.663179
220.897790
198.024966
165.506026
134.719628
101.264886
62.387900
-124.631669
-189.820277
-234.080246
-266.112388
-288.993637
-306.770967
-314.196562
-315.535747
-285.311450
-279.771294
-275.709496
-271.047538
-265.625628
-258.966101
-250.683034
-240.083761
-224.703063
-213.287940
-203.398203
-194.402154
-186.133922
-178.835118
-178.886708
-172.019057
-164.458748
-156.735964
-148.927387
-141.037503
-133.045972
-124.921355
-116.626046
-108.057116
-101.746723
-92.561797
-82.512280
-71.749491
-59.924945
-46.378360
-29.168641
-6.387232
-9.176563
-10.505828
-10.871289
-10.404975
-9.019318
-6.264166
-53.056904
-82.515133
-104.332497
-121.905681
-135.717879
-152.176957
-165.962303
-177.662679
-178.755223
-187.811005
-195.740991
-202.157124
-207.056814
-210.466802
-212.478930
-213.617787
-219.008902
-214.067253
-205.376159
-192.602600
-171.975375
-153.696607
-132.725289
-106.949797
-71.007999
-49.498046
-76.515684
-95.615061
-110.180381
-121.494041
-130.119815
-136.273226
-139.929252
-140.780956
-137.759491
-123.029828
-114.674952
-103.865375
-87.727830
-60.822523
-22.168381
-32.937201
-40.169483
-45.726425
-50.191696
-53.561284
-55.766311
-58.187094
-57.985986
-56.504277
-53.775387
-49.631424
-43.734526
-35.397531
-22.936157
-34.088178
-55.234481
-71.859631
-85.973792
-98.369971
-109.453111
-119.468797
-128.596187
-137.030124
-145.337656
-161.392146
-168.819207
-175.095075
-180.799720
-186.034763
-190.798193
-194.970063
-197.869165
-190.792061
-193.330813
-196.598844
-199.995887
-203.506213
-207.565342
-219.271227
-223.089097
-225.922229
-228.463990
-230.938608
-233.539699
-235.673233
-245.922512
-248.744577
-247.880307
-246.550952
-244.826008
-242.500971
-238.556774
-219.848259
-215.700829
-212.356091
-208.967621
-205.411474
-201.735929
-198.318833
-203.057832
-199.285249
-194.277494
-188.935719
-183.355690
-177.351288
-170.887869
-163.395467
-154.081454
-146.894031
-139.773662
-132.866615
-126.108405
-119.465450
-112.905829
-107.758512
-101.439066
-94.840022
-87.867920
-80.400599
-72.379315
-63.723330
-58.645070
-46.630173
-29.525427
-33.595785
-50.028714
-60.243172
-66.954465
-71.706921
-74.844556
-76.907031
-78.436905
-82.696030
-82.744142
-81.742897
-80.191275
-78.335763
-76.329624
-75.652016
-71.464375
-66.958630
-62.358085
-57.611162
-50.855165
-45.841411
-40.691973
-35.440074
-30.195354
-25.149464
-19.883722
-15.039583
-10.850621
-7.268212
-4.330414
-2.637888
-4.775763
-5.483985
-4.521390
22.201372
34.652172
43.543497
50.512815
56.363272
61.740165
66.302456
70.193908
73.478091
75.244709
76.512135
77.272554
77.469562
76.401769
69.649908
67.744075
65.471529
62.818292
59.576482
55.567397
50.532581
44.118614
35.620334
23.329217
-15.985211
-25.680947
-33.750528
-41.457288
-49.471020
-61.939435
-67.169874
-69.165813
-67.667051
-55.041914
-46.146995
-31.291409
-13.505790
-20.906627
-26.231176
-30.434489
-33.911021
-36.884970
-39.560773
-43.017607
-45.029342
-46.583267
-47.811358
-48.767163
-49.477331
-49.770818
-48.809113
-48.347253
-47.258411
-45.622884
-43.406409
-40.534395
-36.875162
-32.191377
-26.004257
-17.092583
-14.780037
-21.828526
-25.696378
-27.517703
-27.731762
-26.513335
-23.867946
-19.586931
-12.903132
-253.601811
-248.538255
-243.949460
-240.047924
-236.719940
-233.849458
-231.315271
-228.865264
-224.968179
-208.597074
-206.371320
-205.393481
-205.402690
-206.752786
-210.844780
-236.528140
-236.858888
-233.945716
-230.386539
-224.746937
-212.208235
-205.583037
-196.768055
-186.158576
-173.344161
-157.595828
-137.765364
-111.598913
-73.525013
-39.879190
-64.679809
-84.448170
-100.711197
-114.059801
-125.110478
-134.335108
-142.928565
-147.943492
-150.501878
-151.413433
-150.997484
-149.441485
-146.849234
-142.948101
-135.843400
-129.183469
-120.206620
-109.028002
-94.962402
-76.640715
-50.488173
-62.783270
-97.284987
-121.407034
-138.078882
-150.395267
-158.733769
-166.937381
-176.886840
-187.554063
-203.970601
-214.063007
-221.429544
-227.563239
-233.096286
-238.264589
-242.919565
-247.687352
-252.331299
-256.817784
-261.450541
-266.008795
-270.684270
-275.248068
-279.888945
-284.162749
-287.355554
-289.916844
-291.947160
-293.490275
-294.564167
-295.157069
-295.202754
-294.299790
-289.833709
-288.573140
-287.301808
-285.904368
-284.303891
-282.431076
-280.246620
-277.871183
-275.379315
-272.592598
-276.985082
-274.779312
-271.802912
-268.966270
-266.252237
-263.626970
-260.995386
-258.013190
-255.844611
-254.133365
-252.840246
-251.992713
-251.664669
-251.969437
-252.927227
