225.000000 -44.134615 -1.922990 -1.927404 0.004414 35.912407 0.000000
225.000000 -42.403846 -2.314639 -2.319285 0.004646 36.948407 0.000000
225.000000 -40.673077 -2.642651 -2.647378 0.004727 37.950693 0.000000
225.000000 -38.942308 -2.935956 -2.940725 0.004769 38.918353 0.000000
225.000000 -37.211538 -3.204758 -3.209553 0.004795 39.850502 0.000000
225.000000 -35.480769 -3.454129 -3.458942 0.004813 40.746290 0.000000
225.000000 -33.750000 -3.686994 -3.691820 0.004826 41.604900 0.000000
225.000000 -32.019231 -3.905185 -3.910021 0.004836 42.425548 0.000000
225.000000 -30.288462 -4.109910 -4.114754 0.004844 43.207486 0.000000
225.000000 -28.557692 -4.301990 -4.306840 0.004850 43.950001 0.000000
225.000000 -26.826923 -4.481992 -4.486847 0.004856 44.652413 0.000000
225.000000 -25.096154 -4.650310 -4.655169 0.004860 45.314084 0.000000
225.000000 -23.365385 -4.807216 -4.812079 0.004863 45.934409 0.000000
225.000000 -21.634615 -4.952898 -4.957764 0.004866 46.512821 0.000000
225.000000 -19.903846 -5.087478 -5.092346 0.004868 47.048794 0.000000
225.000000 -18.173077 -5.211035 -5.215905 0.004869 47.541838 0.000000
225.000000 -16.442308 -5.323615 -5.328486 0.004871 47.991504 0.000000
225.000000 -14.711538 -5.425239 -5.430110 0.004871 48.397380 0.000000
225.000000 -12.980769 -5.515913 -5.520785 0.004872 48.759098 0.000000
225.000000 -11.250000 -5.595633 -5.600505 0.004872 49.076326 0.000000
225.000000 -9.519231 -5.664387 -5.669258 0.004871 49.348775 0.000000
225.000000 -7.788462 -5.722161 -5.727032 0.004871 49.576197 0.000000
225.000000 -6.057692 -5.768939 -5.773810 0.004871 49.758384 0.000000
225.000000 -4.326923 -5.804709 -5.809579 0.004870 49.895170 0.000000
225.000000 -2.596154 -5.829460 -5.834329 0.004869 49.986430 0.000000
225.000000 -0.865385 -5.843185 -5.848053 0.004868 50.032080 0.000000
225.000000 0.865385 -5.845882 -5.850749 0.004867 50.032080 0.000000
225.000000 2.596154 -5.837554 -5.842419 0.004865 49.986430 0.000000
225.000000 4.326923 -5.818208 -5.823072 0.004864 49.895170 0.000000
225.000000 6.057692 -5.787858 -5.792720 0.004862 49.758384 0.000000
225.000000 7.788462 -5.746519 -5.751379 0.004860 49.576197 0.000000
225.000000 9.519231 -5.694212 -5.699070 0.004858 49.348775 0.000000
225.000000 11.250000 -5.630956 -5.635811 0.004855 49.076326 0.000000
225.000000 12.980769 -5.556773 -5.561626 0.004853 48.759098 0.000000
225.000000 14.711538 -5.471681 -5.476530 0.004849 48.397380 0.000000
225.000000 16.442308 -5.375690 -5.380535 0.004845 47.991504 0.000000
225.000000 18.173077 -5.268802 -5.273643 0.004841 47.541838 0.000000
225.000000 19.903846 -5.151003 -5.155839 0.004836 47.048794 0.000000
225.000000 21.634615 -5.022254 -5.027084 0.004830 46.512821 0.000000
225.000000 23.365385 -4.882486 -4.887309 0.004823 45.934409 0.000000
225.000000 25.096154 -4.731584 -4.736399 0.004815 45.314084 0.000000
225.000000 26.826923 -4.569370 -4.574176 0.004806 44.652413 0.000000
225.000000 28.557692 -4.395582 -4.400377 0.004795 43.950001 0.000000
225.000000 30.288462 -4.209837 -4.214619 0.004782 43.207486 0.000000
225.000000 32.019231 -4.011579 -4.016345 0.004766 42.425548 0.000000
225.000000 33.750000 -3.800002 -3.804750 0.004747 41.604900 0.000000
225.000000 35.480769 -3.573913 -3.578637 0.004724 40.746290 0.000000
225.000000 37.211538 -3.331500 -3.336193 0.004694 39.850502 0.000000
225.000000 38.942308 -3.069860 -3.074512 0.004652 38.918353 0.000000
225.000000 40.673077 -2.783958 -2.788546 0.004588 37.950693 0.000000
225.000000 42.403846 -2.463650 -2.468125 0.004475 36.948407 0.000000
225.000000 44.134615 -2.080166 -2.084340 0.004174 35.912407 0.000000
223.767180 45.129718 -1.600957 -1.593182 -0.007775 5.467215 0.000000
221.286088 45.349082 -1.149108 -1.143831 -0.005277 4.381966 0.000000
218.788084 45.514346 -0.685476 -0.681430 -0.004047 3.291647 0.000000
216.277811 45.624880 -0.213269 -0.210072 -0.003197 2.197221 0.000000
213.760101 45.680254 0.265280 0.267816 -0.002535 1.099670 0.000000
211.239899 45.680254 0.748277 0.750264 -0.001987 0.000000 0.000000
208.722189 45.624880 1.233778 1.235291 -0.001512 1.100757 0.000000
206.211916 45.514346 1.719338 1.720429 -0.001090 2.201549 0.000000
203.713912 45.349082 2.201007 2.201711 -0.000704 3.301300 0.000000
201.232820 45.129718 2.669172 2.669495 -0.000323 4.398916 0.000000
198.760505 45.102383 3.090485 3.087868 0.002617 4.369782 0.000000
196.269600 45.266706 3.551479 3.548445 0.003035 3.282484 0.000000
193.766635 45.376605 4.032560 4.029137 0.003423 2.191094 0.000000
191.256362 45.431662 4.524312 4.520500 0.003812 1.096597 0.000000
188.743638 45.431662 5.022751 5.018542 0.004210 0.000000 0.000000
186.233365 45.376605 5.524937 5.520315 0.004622 1.097666 0.000000
183.730400 45.266706 6.027235 6.022179 0.005056 2.195349 0.000000
181.239495 45.102383 6.521350 6.515818 0.005531 3.291973 0.000000
178.760505 45.102383 6.941484 6.933211 0.008273 4.369782 0.000000
176.269600 45.266706 7.361723 7.352845 0.008878 3.282484 0.000000
173.766635 45.376605 7.799356 7.789838 0.009518 2.191094 0.000000
171.256362 45.431662 8.245254 8.235032 0.010222 1.096597 0.000000
168.743638 45.431662 8.695185 8.684182 0.011004 0.000000 0.000000
166.233365 45.376605 9.145862 9.133980 0.011882 1.097666 0.000000
163.730400 45.266706 9.593253 9.580373 0.012881 2.195349 0.000000
161.239495 45.102383 10.028336 10.014284 0.014052 3.291973 0.000000
158.767180 45.129718 10.313085 10.296034 0.017051 5.467215 0.000000
156.286088 45.349082 10.512529 10.494048 0.018481 4.381966 0.000000
153.788084 45.514346 10.698264 10.678119 0.020144 3.291647 0.000000
151.277811 45.624880 10.851059 10.828908 0.022151 2.197221 0.000000
148.760101 45.680254 10.953659 10.929012 0.024647 1.099670 0.000000
146.239899 45.680254 10.984186 10.956303 0.027883 0.000000 0.000000
143.722189 45.624880 10.909417 10.877075 0.032341 1.100757 0.000000
141.211916 45.514346 10.673732 10.634605 0.039126 2.201549 0.000000
138.713912 45.349082 10.166699 10.114991 0.051709 3.301300 0.000000
136.232820 45.129718 9.052793 8.956541 0.096252 4.398916 0.000000
135.000000 44.558824 13.226610 -1.483054 14.709664 35.653449 -50.000000
135.000000 43.676471 17.522890 -5.356578 22.879468 36.189870 -50.000000
135.000000 42.794118 20.763541 -8.212121 28.975662 36.717709 -50.000000
135.000000 41.911765 23.454433 -10.538678 33.993111 37.236841 -50.000000
135.000000 41.029412 25.794429 -12.530169 38.324597 37.747141 -50.000000
135.000000 40.147059 27.884448 -14.285041 42.169490 38.248490 -50.000000
135.000000 39.264706 29.783727 -15.860979 45.644706 38.740768 -50.000000
135.000000 38.382353 31.530457 -17.295089 48.825546 39.223858 -50.000000
135.000000 37.500000 33.150932 -18.612865 51.763797 39.697646 -50.000000
135.000000 36.617647 34.664153 -19.832692 54.496845 40.162020 -50.000000
135.000000 35.735294 36.084368 -20.968341 57.052709 40.616869 -50.000000
135.000000 34.852941 37.422588 -22.030433 59.453021 41.062085 -50.000000
135.000000 33.970588 38.687520 -23.027367 61.714887 41.497564 -50.000000
135.000000 33.088235 39.886183 -23.965906 63.852088 41.923201 -50.000000
135.000000 32.205882 41.024327 -24.851589 65.875916 42.338896 -50.000000
135.000000 31.323529 42.106730 -25.689018 67.795748 42.744550 -50.000000
135.000000 30.441176 43.137407 -26.482063 69.619470 43.140068 -50.000000
135.000000 29.558824 44.119771 -27.234012 71.353783 43.525354 -50.000000
135.000000 28.676471 45.056744 -27.947686 73.004429 43.900318 -50.000000
135.000000 27.794118 45.950852 -28.625523 74.576375 44.264871 -50.000000
135.000000 26.911765 46.804293 -29.269647 76.073940 44.618926 -50.000000
135.000000 26.029412 47.618989 -29.881920 77.500909 44.962400 -50.000000
135.000000 25.147059 48.396633 -30.463980 78.860613 45.295210 -50.000000
135.000000 24.264706 49.138719 -31.017281 80.156000 45.617279 -50.000000
135.000000 23.382353 49.846577 -31.543115 81.389691 45.928530 -50.000000
135.000000 22.500000 50.521389 -32.042634 82.564023 46.228888 -50.000000
135.000000 21.617647 51.164215 -32.516872 83.681087 46.518283 -50.000000
135.000000 20.735294 51.776003 -32.966758 84.742761 46.796646 -50.000000
135.000000 19.852941 52.357607 -33.393129 85.750736 47.063911 -50.000000
135.000000 18.970588 52.909796 -33.796740 86.706535 47.320014 -50.000000
135.000000 18.088235 53.433262 -34.178274 87.611536 47.564895 -50.000000
135.000000 17.205882 53.928633 -34.538351 88.466984 47.798496 -50.000000
135.000000 16.323529 54.396477 -34.877531 89.274008 48.020762 -50.000000
135.000000 15.441176 54.837307 -35.196325 90.033631 48.231639 -50.000000
135.000000 14.558824 55.251587 -35.495193 90.746781 48.431078 -50.000000
135.000000 13.676471 55.639740 -35.774557 91.414296 48.619031 -50.000000
135.000000 12.794118 56.002145 -36.034795 92.036940 48.795454 -50.000000
135.000000 11.911765 56.339147 -36.276252 92.615400 48.960305 -50.000000
135.000000 11.029412 56.651058 -36.499241 93.150299 49.113545 -50.000000
135.000000 10.147059 56.938155 -36.704041 93.642196 49.255137 -50.000000
135.000000 9.264706 57.200691 -36.890904 94.091595 49.385049 -50.000000
135.000000 8.382353 57.438889 -37.060057 94.498946 49.503248 -50.000000
135.000000 7.500000 57.652947 -37.211699 94.864646 49.609707 -50.000000
135.000000 6.617647 57.843042 -37.346008 95.189049 49.704402 -50.000000
135.000000 5.735294 58.009324 -37.463137 95.472461 49.787309 -50.000000
135.000000 4.852941 58.151927 -37.563220 95.715147 49.858408 -50.000000
135.000000 3.970588 58.270960 -37.646369 95.917329 49.917683 -50.000000
135.000000 3.088235 58.366516 -37.712676 96.079192 49.965120 -50.000000
135.000000 2.205882 58.438666 -37.762215 96.200881 50.000708 -50.000000
135.000000 1.323529 58.487465 -37.795039 96.282504 50.024438 -50.000000
135.000000 0.441176 58.512949 -37.811185 96.324134 50.036304 -50.000000
135.000000 -0.441176 58.515136 -37.810671 96.325806 50.036304 -50.000000
135.000000 -1.323529 58.494025 -37.793495 96.287520 50.024438 -50.000000
135.000000 -2.205882 58.449600 -37.759639 96.209239 50.000708 -50.000000
135.000000 -3.088235 58.381824 -37.709067 96.090891 49.965120 -50.000000
135.000000 -3.970588 58.290645 -37.641722 95.932367 49.917683 -50.000000
135.000000 -4.852941 58.175991 -37.557530 95.733521 49.858408 -50.000000
135.000000 -5.735294 58.037769 -37.456399 95.494168 49.787309 -50.000000
135.000000 -6.617647 57.875871 -37.338214 95.214084 49.704402 -50.000000
135.000000 -7.500000 57.690164 -37.202841 94.893004 49.609707 -50.000000
135.000000 -8.382353 57.480496 -37.050125 94.530621 49.503248 -50.000000
135.000000 -9.264706 57.246693 -36.879887 94.126580 49.385049 -50.000000
135.000000 -10.147059 56.988556 -36.691927 93.680482 49.255137 -50.000000
135.000000 -11.029412 56.705861 -36.486016 93.191877 49.113545 -50.000000
135.000000 -11.911765 56.398359 -36.261902 92.660261 48.960305 -50.000000
135.000000 -12.794118 56.065769 -36.019301 92.085070 48.795454 -50.000000
135.000000 -13.676471 55.707781 -35.757902 91.465683 48.619031 -50.000000
135.000000 -14.558824 55.324051 -35.477357 90.801408 48.431078 -50.000000
135.000000 -15.441176 54.914198 -35.177285 90.091483 48.231639 -50.000000
135.000000 -16.323529 54.477799 -34.857264 89.335064 48.020762 -50.000000
135.000000 -17.205882 54.014391 -34.516830 88.531221 47.798496 -50.000000
135.000000 -18.088235 53.523459 -34.155471 87.678930 47.564895 -50.000000
135.000000 -18.970588 53.004435 -33.772623 86.777058 47.320014 -50.000000
135.000000 -19.852941 52.456692 -33.367665 85.824357 47.063911 -50.000000
135.000000 -20.735294 51.879535 -32.939909 84.819444 46.796646 -50.000000
135.000000 -21.617647 51.272193 -32.488599 83.760792 46.518283 -50.000000
135.000000 -22.500000 50.633813 -32.012892 82.646705 46.228888 -50.000000
135.000000 -23.382353 49.963443 -31.511856 81.475299 45.928530 -50.000000
135.000000 -24.264706 49.260022 -30.984454 80.244476 45.617279 -50.000000
135.000000 -25.147059 48.522365 -30.429527 78.951892 45.295210 -50.000000
135.000000 -26.029412 47.749140 -29.845777 77.594917 44.962400 -50.000000
135.000000 -26.911765 46.938848 -29.231746 76.170594 44.618926 -50.000000
135.000000 -27.794118 46.089792 -28.585787 74.675579 44.264871 -50.000000
135.000000 -28.676471 45.200044 -27.906030 73.106075 43.900318 -50.000000
135.000000 -29.558824 44.267401 -27.190344 71.457745 43.525354 -50.000000
135.000000 -30.441176 43.289330 -26.436278 69.725607 43.140068 -50.000000
135.000000 -31.323529 42.262896 -25.640999 67.903896 42.744550 -50.000000
135.000000 -32.205882 41.184679 -24.801206 65.985884 42.338896 -50.000000
135.000000 -33.088235 40.050647 -23.913010 63.963657 41.923201 -50.000000
135.000000 -33.970588 38.856008 -22.971790 61.827799 41.497564 -50.000000
135.000000 -34.852941 37.594991 -21.971982 59.566973 41.062085 -50.000000
135.000000 -35.735294 36.260550 -20.906792 57.167342 40.616869 -50.000000
135.000000 -36.617647 34.843944 -19.767785 54.611729 40.162020 -50.000000
135.000000 -37.500000 33.334121 -18.544289 51.878410 39.697646 -50.000000
135.000000 -38.382353 31.716775 -17.222472 48.939248 39.223858 -50.000000
135.000000 -39.264706 29.972829 -15.783865 45.756694 38.740768 -50.000000
135.000000 -40.147059 28.075879 -14.202857 42.278736 38.248490 -50.000000
135.000000 -41.029412 25.987573 -12.442168 38.429741 37.747141 -50.000000
135.000000 -41.911765 23.648420 -10.443847 34.092267 37.236841 -50.000000
135.000000 -42.794118 20.957060 -8.108985 29.066044 36.717709 -50.000000
135.000000 -43.676471 17.713751 -5.242744 22.956495 36.189870 -50.000000
135.000000 -44.558824 13.410363 -1.353756 14.764119 35.653449 -50.000000
136.232820 -45.129718 9.229786 9.132083 0.097704 5.467215 0.000000
138.713912 -45.349082 10.356346 10.304121 0.052226 4.381966 0.000000
141.211916 -45.514346 10.872387 10.833014 0.039374 3.291647 0.000000
143.722189 -45.624880 11.115148 11.082709 0.032439 2.197221 0.000000
146.239899 -45.680254 11.195708 11.167823 0.027885 1.099670 0.000000
148.760101 -45.680254 11.170002 11.145420 0.024583 0.000000 0.000000
151.277811 -45.624880 11.071439 11.049401 0.022038 1.100757 0.000000
153.788084 -45.514346 10.921984 10.901987 0.019996 2.201549 0.000000
156.286088 -45.349082 10.738965 10.720659 0.018306 3.301300 0.000000
158.767180 -45.129718 10.541673 10.524817 0.016856 4.398916 0.000000
161.239495 -45.102383 10.259029 10.245303 0.013726 4.369782 0.000000
163.730400 -45.266706 9.826128 9.813576 0.012552 3.282484 0.000000
166.233365 -45.376605 9.380478 9.368928 0.011551 2.191094 0.000000
168.743638 -45.431662 8.931117 8.920445 0.010671 1.096597 0.000000
171.256362 -45.431662 8.482073 8.472184 0.009889 0.000000 0.000000
173.766635 -45.376605 8.036642 8.027456 0.009186 1.097666 0.000000
176.269600 -45.266706 7.599059 7.590512 0.008548 2.195349 0.000000
178.760505 -45.102383 7.178460 7.170514 0.007945 3.291973 0.000000
181.239495 -45.102383 6.758025 6.752871 0.005154 4.369782 0.000000
183.730400 -45.266706 6.263724 6.259044 0.004680 3.282484 0.000000
186.233365 -45.376605 5.760827 5.756578 0.004249 2.191094 0.000000
188.743638 -45.431662 5.257620 5.253781 0.003839 1.096597 0.000000
191.256362 -45.431662 4.757723 4.754278 0.003445 0.000000 0.000000
193.766635 -45.376605 4.264066 4.261005 0.003061 1.097666 0.000000
196.269600 -45.266706 3.780622 3.777945 0.002678 2.195349 0.000000
198.760505 -45.102383 3.316785 3.314519 0.002266 3.291973 0.000000
201.232820 -45.129718 2.892664 2.893356 -0.000692 5.467215 0.000000
203.713912 -45.349082 2.421784 2.422856 -0.001072 4.381966 0.000000
206.211916 -45.514346 1.936833 1.938290 -0.001457 3.291647 0.000000
208.722189 -45.624880 1.447367 1.449243 -0.001876 2.197221 0.000000
211.239899 -45.680254 0.957261 0.959607 -0.002346 1.099670 0.000000
213.760101 -45.680254 0.468870 0.471760 -0.002890 0.000000 0.000000
216.277811 -45.624880 -0.015989 -0.012444 -0.003545 1.100757 0.000000
218.788084 -45.514346 -0.495618 -0.491232 -0.004386 2.201549 0.000000
221.286088 -45.349082 -0.968151 -0.962544 -0.005607 3.301300 0.000000
223.767180 -45.129718 -1.431351 -1.423260 -0.008091 4.398916 0.000000
135.000000 44.558824 13.226610 -1.483054 14.709664 35.653449 -50.000000
135.000000 43.676471 17.522890 -5.356578 22.879468 36.189870 -50.000000
135.000000 42.794118 20.763541 -8.212121 28.975662 36.717709 -50.000000
135.000000 41.911765 23.454433 -10.538678 33.993111 37.236841 -50.000000
135.000000 41.029412 25.794429 -12.530169 38.324597 37.747141 -50.000000
135.000000 40.147059 27.884448 -14.285041 42.169490 38.248490 -50.000000
135.000000 39.264706 29.783727 -15.860979 45.644706 38.740768 -50.000000
135.000000 38.382353 31.530457 -17.295089 48.825546 39.223858 -50.000000
135.000000 37.500000 33.150932 -18.612865 51.763797 39.697646 -50.000000
135.000000 36.617647 34.664153 -19.832692 54.496845 40.162020 -50.000000
135.000000 35.735294 36.084368 -20.968341 57.052709 40.616869 -50.000000
135.000000 34.852941 37.422588 -22.030433 59.453021 41.062085 -50.000000
135.000000 33.970588 38.687520 -23.027367 61.714887 41.497564 -50.000000
135.000000 33.088235 39.886183 -23.965906 63.852088 41.923201 -50.000000
135.000000 32.205882 41.024327 -24.851589 65.875916 42.338896 -50.000000
135.000000 31.323529 42.106730 -25.689018 67.795748 42.744550 -50.000000
135.000000 30.441176 43.137407 -26.482063 69.619470 43.140068 -50.000000
135.000000 29.558824 44.119771 -27.234012 71.353783 43.525354 -50.000000
135.000000 28.676471 45.056744 -27.947686 73.004429 43.900318 -50.000000
135.000000 27.794118 45.950852 -28.625523 74.576375 44.264871 -50.000000
135.000000 26.911765 46.804293 -29.269647 76.073940 44.618926 -50.000000
135.000000 26.029412 47.618989 -29.881920 77.500909 44.962400 -50.000000
135.000000 25.147059 48.396633 -30.463980 78.860613 45.295210 -50.000000
135.000000 24.264706 49.138719 -31.017281 80.156000 45.617279 -50.000000
135.000000 23.382353 49.846577 -31.543115 81.389691 45.928530 -50.000000
135.000000 22.500000 50.521389 -32.042634 82.564023 46.228888 -50.000000
135.000000 21.617647 51.164215 -32.516872 83.681087 46.518283 -50.000000
135.000000 20.735294 51.776003 -32.966758 84.742761 46.796646 -50.000000
135.000000 19.852941 52.357607 -33.393129 85.750736 47.063911 -50.000000
135.000000 18.970588 52.909796 -33.796740 86.706535 47.320014 -50.000000
135.000000 18.088235 53.433262 -34.178274 87.611536 47.564895 -50.000000
135.000000 17.205882 53.928633 -34.538351 88.466984 47.798496 -50.000000
135.000000 16.323529 54.396477 -34.877531 89.274008 48.020762 -50.000000
135.000000 15.441176 54.837307 -35.196325 90.033631 48.231639 -50.000000
135.000000 14.558824 55.251587 -35.495193 90.746781 48.431078 -50.000000
135.000000 13.676471 55.639740 -35.774557 91.414296 48.619031 -50.000000
135.000000 12.794118 56.002145 -36.034795 92.036940 48.795454 -50.000000
135.000000 11.911765 56.339147 -36.276252 92.615400 48.960305 -50.000000
135.000000 11.029412 56.651058 -36.499241 93.150299 49.113545 -50.000000
135.000000 10.147059 56.938155 -36.704041 93.642196 49.255137 -50.000000
135.000000 9.264706 57.200691 -36.890904 94.091595 49.385049 -50.000000
135.000000 8.382353 57.438889 -37.060057 94.498946 49.503248 -50.000000
135.000000 7.500000 57.652947 -37.211699 94.864646 49.609707 -50.000000
135.000000 6.617647 57.843042 -37.346008 95.189049 49.704402 -50.000000
135.000000 5.735294 58.009324 -37.463137 95.472461 49.787309 -50.000000
135.000000 4.852941 58.151927 -37.563220 95.715147 49.858408 -50.000000
135.000000 3.970588 58.270960 -37.646369 95.917329 49.917683 -50.000000
135.000000 3.088235 58.366516 -37.712676 96.079192 49.965120 -50.000000
135.000000 2.205882 58.438666 -37.762215 96.200881 50.000708 -50.000000
135.000000 1.323529 58.487465 -37.795039 96.282504 50.024438 -50.000000
135.000000 0.441176 58.512949 -37.811185 96.324134 50.036304 -50.000000
135.000000 -0.441176 58.515136 -37.810671 96.325806 50.036304 -50.000000
135.000000 -1.323529 58.494025 -37.793495 96.287520 50.024438 -50.000000
135.000000 -2.205882 58.449600 -37.759639 96.209239 50.000708 -50.000000
135.000000 -3.088235 58.381824 -37.709067 96.090891 49.965120 -50.000000
135.000000 -3.970588 58.290645 -37.641722 95.932367 49.917683 -50.000000
135.000000 -4.852941 58.175991 -37.557530 95.733521 49.858408 -50.000000
135.000000 -5.735294 58.037769 -37.456399 95.494168 49.787309 -50.000000
135.000000 -6.617647 57.875871 -37.338214 95.214084 49.704402 -50.000000
135.000000 -7.500000 57.690164 -37.202841 94.893004 49.609707 -50.000000
135.000000 -8.382353 57.480496 -37.050125 94.530621 49.503248 -50.000000
135.000000 -9.264706 57.246693 -36.879887 94.126580 49.385049 -50.000000
135.000000 -10.147059 56.988556 -36.691927 93.680482 49.255137 -50.000000
135.000000 -11.029412 56.705861 -36.486016 93.191877 49.113545 -50.000000
135.000000 -11.911765 56.398359 -36.261902 92.660261 48.960305 -50.000000
135.000000 -12.794118 56.065769 -36.019301 92.085070 48.795454 -50.000000
135.000000 -13.676471 55.707781 -35.757902 91.465683 48.619031 -50.000000
135.000000 -14.558824 55.324051 -35.477357 90.801408 48.431078 -50.000000
135.000000 -15.441176 54.914198 -35.177285 90.091483 48.231639 -50.000000
135.000000 -16.323529 54.477799 -34.857264 89.335064 48.020762 -50.000000
135.000000 -17.205882 54.014391 -34.516830 88.531221 47.798496 -50.000000
135.000000 -18.088235 53.523459 -34.155471 87.678930 47.564895 -50.000000
135.000000 -18.970588 53.004435 -33.772623 86.777058 47.320014 -50.000000
135.000000 -19.852941 52.456692 -33.367665 85.824357 47.063911 -50.000000
135.000000 -20.735294 51.879535 -32.939909 84.819444 46.796646 -50.000000
135.000000 -21.617647 51.272193 -32.488599 83.760792 46.518283 -50.000000
135.000000 -22.500000 50.633813 -32.012892 82.646705 46.228888 -50.000000
135.000000 -23.382353 49.963443 -31.511856 81.475299 45.928530 -50.000000
135.000000 -24.264706 49.260022 -30.984454 80.244476 45.617279 -50.000000
135.000000 -25.147059 48.522365 -30.429527 78.951892 45.295210 -50.000000
135.000000 -26.029412 47.749140 -29.845777 77.594917 44.962400 -50.000000
135.000000 -26.911765 46.938848 -29.231746 76.170594 44.618926 -50.000000
135.000000 -27.794118 46.089792 -28.585787 74.675579 44.264871 -50.000000
135.000000 -28.676471 45.200044 -27.906030 73.106075 43.900318 -50.000000
135.000000 -29.558824 44.267401 -27.190344 71.457745 43.525354 -50.000000
135.000000 -30.441176 43.289330 -26.436278 69.725607 43.140068 -50.000000
135.000000 -31.323529 42.262896 -25.640999 67.903896 42.744550 -50.000000
135.000000 -32.205882 41.184679 -24.801206 65.985884 42.338896 -50.000000
135.000000 -33.088235 40.050647 -23.913010 63.963657 41.923201 -50.000000
135.000000 -33.970588 38.856008 -22.971790 61.827799 41.497564 -50.000000
135.000000 -34.852941 37.594991 -21.971982 59.566973 41.062085 -50.000000
135.000000 -35.735294 36.260550 -20.906792 57.167342 40.616869 -50.000000
135.000000 -36.617647 34.843944 -19.767785 54.611729 40.162020 -50.000000
135.000000 -37.500000 33.334121 -18.544289 51.878410 39.697646 -50.000000
135.000000 -38.382353 31.716775 -17.222472 48.939248 39.223858 -50.000000
135.000000 -39.264706 29.972829 -15.783865 45.756694 38.740768 -50.000000
135.000000 -40.147059 28.075879 -14.202857 42.278736 38.248490 -50.000000
135.000000 -41.029412 25.987573 -12.442168 38.429741 37.747141 -50.000000
135.000000 -41.911765 23.648420 -10.443847 34.092267 37.236841 -50.000000
135.000000 -42.794118 20.957060 -8.108985 29.066044 36.717709 -50.000000
135.000000 -43.676471 17.713751 -5.242744 22.956495 36.189870 -50.000000
135.000000 -44.558824 13.410363 -1.353756 14.764119 35.653449 -50.000000
