-1.652584
-1.695125
-1.740151
-1.784130
-1.826655
-1.867590
-1.906862
-1.944417
-1.980214
-2.014213
-2.046382
-2.076688
-2.105104
-2.131601
-2.156156
-2.178745
-2.199347
-2.217944
-2.234518
-2.249053
-2.261537
-2.271958
-2.280306
-2.286574
-2.290756
-2.292848
-2.292848
-2.290756
-2.286574
-2.280306
-2.271957
-2.261536
-2.249052
-2.234516
-2.217942
-2.199345
-2.178742
-2.156153
-2.131598
-2.105100
-2.076684
-2.046378
-2.014209
-1.980209
-1.944412
-1.906856
-1.867584
-1.826647
-1.784121
-1.740140
-1.695110
-1.652545
-0.251143
-0.201271
-0.151224
-0.101014
-0.050668
-0.000223
0.050289
0.100851
0.151524
0.203268
-0.202447
-0.151190
-0.100902
-0.050625
-0.000288
0.050117
0.100648
0.152155
-0.202118
-0.150972
-0.100674
-0.050370
-0.000003
0.050433
0.101001
0.152645
-0.250914
-0.199273
-0.148409
-0.097278
-0.045662
0.008773
0.062114
0.114602
0.169755
1.231230
1.433617
1.450449
1.470952
1.491516
1.511830
1.531827
1.551483
1.570785
1.589723
1.608291
1.626482
1.644291
1.661712
1.678742
1.695376
1.711609
1.727437
1.742857
1.757864
1.772456
1.786627
1.800375
1.813697
1.826589
1.839049
1.851072
1.862657
1.873800
1.884500
1.894752
1.904555
1.913907
1.922805
1.931248
1.939232
1.946756
1.953820
1.960419
1.966554
1.972223
1.977424
1.982156
1.986418
1.990209
1.993529
1.996375
1.998748
2.000647
2.002072
2.003022
2.003497
2.003497
2.003022
2.002072
2.000647
1.998748
1.996375
1.993528
1.990209
1.986418
1.982155
1.977423
1.972222
1.966553
1.960418
1.953818
1.946755
1.939231
1.931246
1.922804
1.913906
1.904554
1.894750
1.884498
1.873798
1.862655
1.851070
1.839046
1.826587
1.813695
1.800373
1.786624
1.772453
1.757861
1.742854
1.727434
1.711606
1.695372
1.678738
1.661708
1.644286
1.626477
1.608286
1.589718
1.570779
1.551477
1.531821
1.511823
1.491508
1.470942
1.450435
1.433575
1.276116
0.219024
0.164491
0.112146
0.058789
0.004253
-0.047403
-0.098753
-0.149997
-0.202171
0.201825
0.150642
0.100386
0.050115
-0.000236
-0.050671
-0.101247
-0.152814
0.201472
0.150402
0.100165
0.049910
-0.000423
-0.050842
-0.101416
-0.153104
0.252185
0.201012
0.150771
0.100499
0.050131
-0.000320
-0.050820
-0.101338
-0.151851
-0.202455
-108.983248
-169.558200
-214.735147
-251.912612
-284.005530
-312.492371
-338.239878
-361.806164
-383.575018
-403.823489
-422.759189
-440.542415
-457.299906
-473.133782
-488.127693
-502.351127
-515.862509
-528.711478
-540.940592
-552.586635
-563.681616
-574.253570
-584.327181
-593.924293
-603.064315
-611.764563
-620.040536
-627.906144
-635.373909
-642.455123
-649.159988
-655.497735
-661.476724
-667.104534
-672.388033
-677.333449
-681.946421
-686.232052
-690.194951
-693.839267
-697.168727
-700.186660
-702.896024
-705.299425
-707.399137
-709.197119
-710.695024
-711.894216
-712.795773
-713.400497
-713.708921
-713.721308
-713.437655
-712.857695
-711.980891
-710.806436
-709.333246
-707.559953
-705.484897
-703.106114
-700.421323
-697.427911
-694.122912
-690.502988
-686.564403
-682.302996
-677.714148
-672.792743
-667.533125
-661.929052
-655.973636
-649.659278
-642.977595
-635.919329
-628.474249
-620.631028
-612.377110
-603.698538
-594.579765
-585.003420
-574.950028
-564.397673
-553.321585
-541.693630
-529.481681
-516.648823
-503.152336
-488.942391
-473.960337
-458.136410
-441.386624
-423.608442
-404.674597
-384.424120
-362.648513
-339.069529
-313.301705
-284.784458
-252.647170
-215.404684
-170.128727
-109.386296
