-0.266514
-0.173619
-0.080587
-0.206687
0.119469
0.195640
0.287675
0.268205
0.803061
0.573767
-2.087363
-2.124520
-0.588217
-0.655388
-2.190026
-2.250137
-2.312011
-2.295518
0.314744
0.410611
0.488477
0.565461
1.118180
1.203055
1.772365
0.311540
0.154892
0.336507
0.345031
0.352909
0.360016
0.366532
0.372631
0.379059
-0.601411
-0.495160
0.420534
0.424161
0.428459
0.432597
0.436557
0.440366
0.441903
0.447711
0.452182
-0.720849
-0.790400
0.361566
0.363462
0.365651
0.367689
0.369533
0.371284
0.373537
-0.551930
-0.820734
0.185236
0.183992
0.180743
0.173657
0.157676
-0.038029
0.218341
1.291081
0.453943
0.466932
0.476308
0.483273
0.488054
0.492008
0.494716
0.497011
0.449146
0.142324
-0.900562
0.509021
0.508959
0.509660
0.510500
0.511304
0.511923
0.283205
0.279470
0.510923
0.512485
0.516814
2.732597
-0.213775
0.562754
0.549876
0.546798
0.544821
0.542707
0.539966
0.536369
2.504339
2.373511
0.240158
0.234894
0.228466
0.221680
0.214620
0.207264
0.199738
0.191721
0.181324
1.621375
1.587296
0.082432
0.076664
0.070394
0.064419
0.060579
-1.483352
-1.357052
0.122734
0.116214
0.110398
0.107499
-1.686543
-1.755766
0.131166
0.122149
0.114270
0.108774
-0.630368
-0.832667
0.059037
0.050120
0.039863
0.230511
0.177368
0.425386
0.312075
0.204553
-0.087476
-0.203436
0.050880
-0.084455
-0.104734
-0.265119
0.414785
0.425012
0.424465
0.422081
0.418784
0.408144
0.408465
0.406999
0.401816
0.394588
0.373703
4.481009
4.401030
4.327525
4.023719
0.030949
0.009160
0.032623
0.028519
0.023872
0.018795
0.672971
1.043710
0.426346
0.422018
0.416746
0.411264
0.405661
0.400224
0.394430
0.388442
0.382184
0.375374
0.368222
0.426125
1.310820
0.058044
0.196634
0.341417
0.490971
0.482465
0.474802
0.467368
0.459997
0.452698
0.445532
0.438642
0.432332
0.440967
0.427878
-0.875566
-1.519288
0.082174
0.081045
0.086224
-1.715972
-1.557651
-1.681555
-1.804653
-2.121683
-2.236205
-2.352214
-2.475565
1.019982
-0.243043
0.447773
0.437129
0.428349
0.418496
1.063276
-0.507182
-0.344082
0.876718
0.397539
0.616398
0.556020
0.360365
0.352874
0.344733
0.336521
0.318023
0.308154
0.310870
0.302380
0.281254
0.285563
-0.006155
-0.055115
0.224748
0.216415
0.208144
0.199750
0.191379
0.183109
0.175087
0.167948
-0.232625
-0.386675
0.034186
0.027585
0.021019
0.014796
0.008901
0.003952
0.111850
-0.009830
0.133518
0.123393
0.114042
0.104895
0.095736
0.086562
0.075592
0.637051
0.492219
0.352089
0.212060
0.071775
-0.070773
0.948805
0.806193
0.666007
-1.053412
-1.173740
-1.292824
-1.410888
-1.527918
-1.643870
-1.758667
-1.872175
-1.983760
-2.428331
-2.538297
-2.646870
-2.753127
-2.856868
-2.957984
-3.056433
-3.152316
-3.246288
-3.345046
-0.791371
-0.877909
-0.961270
-1.043589
-1.125048
-1.205455
-3.767995
-3.834618
-3.905596
-3.973877
-4.038649
-4.099649
-4.156743
-4.209850
-4.258921
-4.303956
-4.345146
-4.384727
-4.917371
-4.916507
-4.915953
-4.911718
-4.903390
-4.890895
-4.874567
-6.640955
-6.604468
-6.571607
-6.534965
-6.493790
-6.447963
-6.397672
-6.345071
-5.751768
-5.685252
-5.614397
-5.543263
-4.057963
-3.990192
-3.917376
-3.842408
-5.815413
-5.703454
-5.596035
-5.485094
-5.473858
-5.291398
-5.104980
-4.914736
-4.721281
-4.524586
-4.288561
-4.062477
-3.833741
-3.632203
-2.126769
-1.906349
-2.741858
-2.559580
-2.390000
-0.481116
-0.401979
-0.249035
-0.245384
-0.166111
-0.013898
1.068063
0.262673
0.275136
0.284864
0.294261
0.304026
0.312277
0.321253
0.741528
0.742946
0.351991
0.362328
0.370801
0.379042
0.387172
0.393933
0.348838
-0.441029
0.391690
0.399331
-0.461333
-0.686817
0.276679
0.279036
0.279253
1.068245
1.597731
0.484821
0.490136
0.495186
0.500838
0.506389
0.511793
0.516055
0.707264
-2.170714
-2.044088
-2.356141
0.230345
0.225736
0.228055
-0.240950
-0.011746
0.421651
0.424963
0.429574
0.434505
0.439504
0.444460
0.449295
0.453934
0.661058
0.626321
0.404001
0.408619
0.412035
0.409505
3.623368
3.251742
3.337220
0.111553
0.120052
0.129257
0.139538
0.151045
0.161764
0.323910
0.355800
0.217849
0.226925
0.235508
0.243594
0.250956
0.256822
0.233494
-0.181050
-0.214687
-0.239102
-0.261921
-0.283713
-0.302362
-1.717134
-1.732673
-1.751366
-1.773561
-0.239442
-0.255982
-0.267131
-0.275270
-1.859691
-1.867726
-1.878986
-1.889076
-1.674739
0.348112
0.367874
0.373139
0.376159
0.378279
0.379896
0.381177
0.382207
0.383124
0.257071
0.256452
0.372094
0.372152
0.372271
0.372316
0.372284
0.372162
0.328281
0.323081
0.367011
0.366725
0.366471
0.365677
0.704482
0.713223
0.388498
0.387765
0.386562
0.384763
0.381065
1.999887
1.873673
0.699577
0.310794
0.312231
0.311997
0.311409
0.049778
0.061400
0.338580
0.336678
0.335057
0.333138
0.332351
-0.165730
-0.125676
0.365761
0.363688
0.361656
0.359725
0.357949
0.356973
-0.299347
-0.372909
0.324145
0.320830
0.317806
0.314900
0.312199
0.071899
-0.000136
0.248856
0.245896
0.242671
0.238968
0.233522
0.633173
0.758233
0.309925
0.302869
0.801370
0.533581
0.433674
-0.256288
-0.438879
-0.388428
-1.932333
-1.883458
-2.720654
-2.656546
-2.595437
-2.511436
-2.467446
-2.416103
-2.349609
-2.281275
-2.211259
-2.140616
0.434451
0.428539
0.423395
0.330584
0.411926
0.405323
0.398991
0.536748
0.542680
0.398600
0.392915
0.387109
0.380724
0.314075
0.384723
0.432959
0.425338
0.417964
0.476370
0.469402
0.386177
0.378326
0.370427
0.362929
0.206538
0.346673
0.333953
0.329520
0.337395
0.321626
0.320729
0.275565
0.250533
0.236873
1.972006
1.084612
0.347928
0.573268
0.555231
0.537237
-0.095698
-0.120574
-0.148470
-0.172505
-0.163605
-0.185084
-0.213410
-0.238124
-0.263891
-0.473997
0.089946
0.103168
0.101741
0.100259
-0.175157
-0.140863
0.103063
0.100870
-0.121350
-0.128346
0.090065
0.089686
0.089476
-0.234956
-0.313440
0.035198
0.034091
0.033479
0.033038
0.026016
0.032494
0.032411
0.032520
0.032672
0.195586
0.198259
0.186499
0.175178
-0.035188
-0.043960
-0.053596
-0.063047
-0.175917
-0.184666
-0.193604
-0.202281
-0.209988
-1.104990
3.743030
3.724127
3.717726
5.046744
5.039504
5.526245
5.510357
5.509934
0.006879
0.012779
0.006337
0.088746
0.082717
-0.021403
-0.029194
0.142771
0.134845
0.126838
0.307551
0.299654
0.292254
0.285679
0.087368
0.021880
0.036143
0.038434
0.040565
0.043116
-0.422553
-0.283849
0.061542
0.061060
-0.334081
-0.446211
0.024398
0.027727
0.231091
-0.023215
-0.065855
-0.402096
-0.425513
-0.055133
-0.088000
-0.119655
-0.439217
-0.471786
-0.558254
-1.180768
-1.197434
-1.205276
-1.233796
-1.250957
-1.268097
-1.008009
-1.022612
-1.036193
-1.438164
-1.447830
-1.458218
-1.467779
-1.466820
-1.485436
-1.153671
-1.159108
-1.163516
-1.166977
-1.169264
-1.492773
-1.491592
-1.490575
-1.488633
-1.469988
-1.465278
-1.459179
-1.451734
-1.442996
-1.433430
-1.268064
-1.256694
-1.244280
-1.367591
-1.401523
-1.387289
-1.372899
-1.361254
-0.192436
-0.173055
-0.153189
-0.133202
-0.112782
-0.090611
-0.858206
-0.835277
-0.813796
-0.791932
-0.769474
-0.757634
-0.739025
-0.713280
-0.686759
-0.659622
-0.631311
-0.860858
-0.833113
-0.805429
-0.779740
-0.747630
-0.111102
-0.093084
-0.074242
-0.055473
-0.035414
-0.018879
-0.002513
0.803236
-1.129021
-1.114777
-1.101178
-1.086889
-1.072055
-1.041326
-1.026161
-1.010580
-0.994389
-0.977996
-0.821538
-0.800524
-0.778526
-0.755752
-0.732137
-0.753897
-0.732606
-0.710351
-1.042454
-1.034812
-1.027719
-1.020256
-1.013289
-0.816280
-0.809661
-0.799536
-0.788971
-0.778050
-0.767746
-0.842025
-0.825324
-0.809354
-0.792886
-0.775805
-0.758086
-0.744393
-0.720644
-0.824560
-0.803584
-0.784682
-0.764392
-0.800777
-0.570234
-0.550809
-0.531550
-0.470046
-0.447098
-0.425636
-0.404709
-0.384531
-0.365597
-0.601741
-0.573545
-0.545621
-0.516828
-0.487458
-0.464294
-0.433283
-0.402933
-0.372805
-0.342624
-0.312275
-0.280920
-0.248895
-0.216584
-0.184003
-0.147902
-0.116543
-0.084952
-0.053122
-0.021027
0.011408
0.023209
0.055267
0.086799
0.118050
0.149218
0.165609
0.194332
0.223322
0.252633
0.280128
0.307731
0.185874
0.218347
0.192012
-9.241015
0.269045
0.264238
0.247369
0.228907
0.117828
0.098644
0.076019
-0.138493
-0.159044
-0.040526
-0.061215
-0.081659
-0.102614
-0.114276
-0.139130
-0.164593
-0.414801
-0.331386
-0.403874
-0.414638
-0.424948
-0.413535
-0.442328
-0.683862
-0.692198
-0.535830
-0.708023
-0.716805
-0.178743
-0.186071
-0.192773
-0.199177
-0.204704
-0.595005
-0.599270
-0.604103
-0.608547
-0.612498
-0.615926
-0.618818
-0.621167
-0.622967
-0.624215
-0.624903
-0.625011
-0.624374
-0.714451
-0.712540
-0.707545
-0.707359
-0.696111
-0.699698
-0.683109
-2.053396
-1.951673
-1.875683
-1.797879
-1.718569
-1.638877
-1.301210
-1.220170
-1.138162
-1.055178
-0.971232
-0.886245
-0.799071
-1.393688
-1.355775
-1.318383
-1.280121
-1.241050
-1.307513
-1.267316
-1.231565
-1.185656
-1.186475
-1.101073
-1.059241
-0.707714
-0.663837
-0.621571
-0.835931
-0.789430
-0.745614
-0.455210
-0.405530
-0.354965
-0.303321
-0.874491
-0.833884
-0.795229
-0.801966
-0.711024
-0.705426
-0.656661
-0.592906
-0.539230
-0.485122
-0.430661
-0.375961
-0.320868
-0.090379
-0.037851
0.014977
0.068389
0.228152
0.062022
0.063115
0.063439
0.063435
0.063257
0.063009
0.008886
0.013813
0.062694
0.062034
0.061444
0.060891
0.060464
-0.182296
-0.194895
0.047660
0.046211
0.044941
0.043599
0.042142
0.040500
0.038571
0.036124
0.031702
0.456634
0.338119
0.322754
0.298481
0.243750
0.227155
0.207736
0.193478
0.176381
0.159107
0.141796
0.088120
0.056480
0.050531
0.031563
0.012536
0.015798
-0.002619
-0.020829
-0.144125
-0.160945
-0.176968
-0.070597
-0.070307
-0.067714
-0.053535
-0.050215
-0.045918
-0.020639
0.207231
0.207558
0.205162
0.202274
0.199114
0.195773
0.192320
0.188808
0.185502
0.046997
0.107917
1.382366
1.321873
1.264587
1.207113
1.149100
1.058474
1.003856
0.948368
0.963155
0.882274
0.819828
0.758036
0.676491
0.616038
0.471684
-0.302967
-0.253151
-0.165404
-0.151038
-0.099614
-0.047814
0.057821
0.100353
0.152596
0.204678
0.256557
0.308143
0.414881
0.469024
0.519830
0.558801
5.361435
-0.108207
0.188045
0.188838
0.188757
0.188016
0.187132
0.186504
0.185749
-0.806117
-0.983714
0.066825
0.064486
0.063788
0.065504
-0.905232
-0.969539
-0.086606
-0.105270
-0.127561
1.383567
1.828693
0.209028
0.209243
0.208128
0.206441
0.204379
0.201908
0.198638
0.195249
-0.080130
0.609484
0.243748
0.245374
0.247914
0.248745
0.248547
0.247680
-0.315233
-0.248391
0.270661
0.267145
0.264435
0.261977
0.259774
0.258259
-0.282087
-0.354034
0.118018
0.213102
0.208767
0.204192
0.198363
0.187774
1.930671
1.497870
1.459055
0.057593
0.012253
-0.035432
-0.086465
1.022311
0.890001
-2.344280
-2.406664
-2.467804
-2.526989
-2.584119
-2.639227
-2.693251
-2.480584
-2.515813
-2.557251
-2.597156
-2.636943
-2.804586
-2.839725
-2.874615
-2.907525
-2.938249
-2.966712
-2.992856
-3.016496
-3.120435
-3.139118
-3.155661
-3.169778
-3.181431
-3.190612
-3.197421
-3.167623
-3.169369
-3.168312
-3.164537
-3.158066
-3.148932
-3.137197
-3.123017
-3.106938
-3.093978
-1.883761
-1.855855
-1.827953
-1.798567
-1.767538
-1.734901
-1.700649
-1.664026
-1.624756
-1.585655
-0.593123
0.167232
-5.560325
-5.549394
-5.562369
-7.038645
-1.342535
-0.064735
-0.085444
-0.101016
-1.810974
-0.803353
0.138231
0.361976
0.358236
0.355565
0.341613
0.340569
0.349358
0.348712
0.345092
0.342964
0.343523
0.338730
-0.591462
-0.523826
0.383502
0.379777
0.376888
0.374199
0.371619
0.369085
0.366659
0.364336
-0.255669
-0.161134
0.515499
0.507708
0.500740
0.494141
0.468327
0.388259
0.332469
0.331481
-0.865391
-0.911842
0.272018
0.266796
0.264203
0.260953
0.257721
0.116088
0.098422
0.234668
0.230823
0.226914
0.222728
0.217842
0.212249
-0.085238
-0.413917
-0.389497
-0.390891
-0.389081
-0.386376
-0.129528
-0.123353
-0.116794
-0.110327
-0.021166
-0.015524
-0.007355
-0.001517
-0.388511
-0.382309
-0.378059
0.045390
0.057073
0.078490
-3.648349
-53.211336
-81.988757
-102.833727
-119.964574
-134.730336
-147.839178
-159.724949
-170.678175
-180.881776
-191.131925
-206.063794
-215.375617
-222.731045
-229.116311
-234.700642
-239.549528
-243.699908
-247.176120
-250.002141
-252.231479
-253.743245
-261.107245
-261.847216
-260.711890
-258.624819
-255.575815
-251.439681
-246.017534
-238.952987
-228.943451
-210.210535
-196.299911
-179.661740
-158.642313
-130.188080
-87.136230
-108.170316
-169.928853
-216.277243
-254.002403
-285.896653
-313.522925
-337.907564
-359.830986
-380.066613
-399.740425
-427.457939
-443.220458
-456.454233
-468.590909
-479.865691
-490.314658
-499.738199
-506.737976
-492.257885
-498.959325
-507.544441
-517.079005
-527.764716
-549.826079
-548.318502
-545.357334
-541.749369
-537.045427
-530.678981
-521.937388
-509.785501
-491.312809
-452.137950
-434.617288
-420.582900
-408.886985
-398.757268
-389.706877
-381.390811
-373.533228
-365.859638
-357.814256
-350.153218
-338.678859
-331.775833
-325.050942
-318.760310
-312.856722
-307.466876
-303.192408
-320.437206
-316.421705
-308.913512
-300.327944
-290.805368
-278.726342
-264.714613
-251.399075
-235.857512
-219.014046
-200.273773
-178.026211
-146.853084
-120.954280
-92.737060
-58.001969
-10.611055
-12.893247
-12.734444
-11.534498
-10.091800
-8.592347
-7.063631
-5.523583
-3.897978
-2.182911
-0.444959
32.382755
52.226745
66.673045
77.928986
86.880024
93.947243
98.516720
97.609595
99.139128
99.789864
99.772774
99.007734
97.376736
94.704653
90.717918
84.966866
76.656226
64.210291
43.797297
96.665453
146.390029
179.672433
203.662933
221.494410
234.513741
243.532471
249.034861
251.291865
250.417479
246.391111
239.052430
228.057016
212.666388
190.349363
158.500559
128.890748
96.855068
59.683119
-120.376120
-183.300084
-225.958938
-256.755298
-278.664122
-295.517691
-302.382654
-303.176603
-273.376982
-267.542070
-263.237451
-258.414935
-252.883792
-246.170678
-237.886099
-227.332091
-212.033310
-200.744526
-191.013622
-182.202402
-174.133607
-167.019346
-166.819083
-160.232254
-153.030760
-145.701675
-138.312049
-130.862446
-123.330053
-115.680868
-107.872869
-99.797103
-93.741949
-85.185436
-75.878762
-65.943528
-55.051857
-42.596896
-26.788372
-6.403697
-9.205599
-10.547676
-10.923457
-10.462157
-9.073645
-6.304042
-56.331700
-87.697422
-111.018586
-129.914824
-144.966192
-162.595067
-177.544178
-190.376614
-191.928037
-202.055445
-211.059639
-218.528795
-224.451822
-228.839975
-231.757620
-233.678956
-240.352250
-236.281779
-228.488682
-216.570716
-196.594602
-180.774917
-164.183399
-146.067868
-123.756420
-88.322302
-68.452190
-51.915389
-38.081235
-26.163201
-15.767026
-6.815751
0.362926
4.659451
-57.631019
-87.551680
-108.804064
-125.161132
-133.224144
-144.275516
-153.357680
-160.592301
-166.069733
-169.792789
-171.667241
-171.472903
-168.755083
-162.252282
-142.970902
-131.388637
-117.440064
-97.988405
-67.157503
-21.450476
-31.841415
-38.812300
-44.174928
-48.493820
-51.754510
-53.876717
-56.141334
-55.881694
-54.396973
-51.718296
-47.684867
-41.973936
-33.929422
-21.945893
-31.223415
-50.796771
-66.266343
-79.445197
-91.048879
-101.442887
-110.849324
-119.431187
-127.367965
-135.187991
-150.236832
-157.274119
-163.237856
-168.665765
-173.651650
-178.192880
-182.176400
-184.963689
-178.414286
-180.873585
-184.019594
-187.287507
-190.659645
-194.537232
-205.525877
-209.097901
-211.749749
-214.131823
-216.452134
-218.886178
-220.856121
-230.191070
-232.435578
-231.183859
-229.505023
-227.465791
-224.876912
-220.803606
-203.133226
-198.926913
-195.450857
-191.924890
-188.236132
-184.430332
-180.857256
-184.756029
-180.967335
-176.051621
-170.833167
-165.397209
-159.562607
-153.300301
-146.100925
-137.284909
-130.632161
-124.112343
-117.832103
-111.729561
-105.776768
-99.951212
-95.466560
-90.059232
-84.439721
-78.490315
-72.081190
-65.138235
-57.552242
-52.918647
-41.987439
-26.527486
-29.906110
-44.472767
-53.442423
-59.255114
-63.268828
-65.830496
-67.424360
-68.538527
-72.012955
-71.660175
-70.332747
-68.485335
-66.339918
-64.031701
-62.778187
-58.640857
-54.273271
-49.869909
-45.415318
-39.504774
-34.757113
-29.850310
-24.856582
-19.892867
-15.143411
-10.269853
-5.868781
-2.501965
0.489157
2.797888
3.840676
1.720941
-0.218590
-1.129462
19.565912
30.607413
38.482298
44.652755
49.859507
54.729876
58.892114
62.467802
65.519714
67.273329
68.572791
69.411940
69.743381
68.940719
63.051374
61.502675
59.580127
57.288055
54.436647
50.862733
46.327055
40.505273
32.746156
21.472420
-15.711198
-25.213505
-33.099313
-40.611526
-48.407483
-60.548510
-65.642400
-67.576372
-66.090649
-53.729849
-45.045324
-30.546160
-12.861933
-19.927012
-25.019317
-29.047842
-32.388997
-35.257893
-37.852890
-41.221143
-43.198762
-44.736644
-45.964316
-46.935982
-47.681349
-48.044055
-47.259227
-46.910418
-45.929627
-44.400646
-42.292842
-39.534810
-35.998556
-31.452162
-25.426810
-16.725784
-13.938096
-20.596590
-24.244181
-25.951516
-26.135464
-24.964026
-22.446779
-18.393977
-12.095791
-260.006176
-255.067314
-250.599748
-246.818969
-243.608296
-240.849229
-238.418175
-236.056796
-232.187528
-215.449943
-213.351799
-212.528198
-212.697601
-214.216862
-218.523120
-245.105626
-245.473070
-242.473416
-238.765772
-232.814592
-219.387788
-212.255540
-202.918236
-191.767116
-178.372297
-161.989653
-141.447549
-114.448968
-75.312924
-38.488242
-62.677499
-82.086509
-98.102951
-111.265103
-122.174182
-131.320498
-140.019455
-145.059979
-147.621482
-148.530821
-148.119512
-146.584124
-144.038347
-140.233475
-133.400564
-126.972060
-118.218062
-107.275543
-93.473405
-75.466244
-49.733425
-63.861185
-99.278375
-124.319861
-141.916514
-155.429688
-164.311766
-172.643445
-182.426906
-192.615836
-208.179003
-217.955022
-225.145191
-231.191012
-236.684634
-241.834301
-246.468186
-251.212835
-255.815885
-260.238389
-264.768638
-269.192044
-273.684706
-278.014682
-282.371899
-286.569135
-289.729838
-292.275588
-294.293726
-295.820398
-296.868453
-297.422122
-297.411200
-296.428032
-291.855152
-290.611967
-289.385748
-288.042930
-286.499463
-284.683263
-282.552924
-280.221225
-277.758608
-274.989310
-279.507112
-277.519935
-274.788289
-272.208769
-269.759557
-267.400557
-265.033396
-262.316016
-260.422439
-258.983155
-257.956992
-257.370956
-257.300138
-257.860517
-259.074453
