-0.266507
-0.173612
-0.080580
-0.205962
0.116288
0.195658
0.287685
0.268814
0.804296
0.573802
-2.086221
-2.124517
-0.588197
-0.655371
-2.190047
-2.250185
-2.312097
-2.296151
0.314806
0.410505
0.488338
0.565288
1.117980
1.202786
1.754316
0.310615
0.166781
0.335083
0.343526
0.351327
0.358383
0.364870
0.370956
0.377356
-0.571453
-0.467222
0.418063
0.421750
0.426082
0.430255
0.434250
0.438097
0.439667
0.445520
0.450007
-0.691177
-0.760649
0.359383
0.361342
0.363582
0.365674
0.367574
0.369384
0.371688
-0.531399
-0.797451
0.183739
0.182578
0.179457
0.172590
0.157044
-0.033277
0.217694
1.248556
0.452800
0.465325
0.474415
0.481188
0.485853
0.489726
0.492395
0.494677
0.446984
0.173650
-0.845349
0.504670
0.504644
0.505330
0.506137
0.506900
0.507481
0.289390
0.285085
0.505900
0.507310
0.511306
2.611762
-0.200979
0.559759
0.547486
0.544613
0.542799
0.540859
0.538321
0.534964
2.373913
2.240687
0.241187
0.235719
0.229177
0.222304
0.215174
0.207768
0.200203
0.192184
0.181932
1.513092
1.477248
0.084092
0.078146
0.071742
0.065610
0.061449
-1.365018
-1.243267
0.122812
0.116232
0.110305
0.107072
-1.548923
-1.610622
0.130338
0.121441
0.113590
0.107931
-0.571255
-0.761295
0.058922
0.050132
0.040044
0.233312
0.177815
0.423641
0.310739
0.203300
-0.088135
-0.204473
0.050846
-0.084133
-0.108341
-0.257281
0.413492
0.423686
0.423200
0.420906
0.417741
0.407005
0.407858
0.406173
0.401051
0.393909
0.373184
4.475341
4.400402
4.326994
4.037509
0.031083
0.011108
0.032804
0.028707
0.024066
0.019016
0.657127
1.022618
0.426292
0.421950
0.416674
0.411192
0.405590
0.400155
0.394363
0.388377
0.382123
0.375325
0.368238
0.401100
1.316649
0.056195
0.195444
0.340830
0.490901
0.482392
0.474728
0.467293
0.459923
0.452625
0.445462
0.438575
0.432275
0.440022
0.427861
-0.878195
-1.524653
0.082115
0.081010
0.086200
-1.716006
-1.557585
-1.681480
-1.804585
-2.121619
-2.236138
-2.352135
-2.475469
1.020160
-0.230063
0.447804
0.437176
0.428416
0.418622
1.046800
-0.483034
-0.324439
0.863612
0.407027
0.609481
0.550680
0.360549
0.353049
0.344918
0.336716
0.318464
0.308606
0.311099
0.302615
0.281681
0.285799
0.002762
-0.046247
0.225187
0.216868
0.208604
0.200214
0.191844
0.183568
0.175528
0.168339
-0.215156
-0.368184
0.034904
0.028256
0.021628
0.015318
0.009303
0.004153
0.111060
-0.013793
0.133501
0.123412
0.114088
0.104955
0.095802
0.086615
0.075605
0.636702
0.492187
0.352069
0.212047
0.071766
-0.070778
0.948772
0.806164
0.665983
-1.053403
-1.173735
-1.292823
-1.410889
-1.527921
-1.643873
-1.758672
-1.872179
-1.983764
-2.428331
-2.538297
-2.646871
-2.753128
-2.856869
-2.957984
-3.056432
-3.152314
-3.246286
-3.345043
-0.791356
-0.877894
-0.961257
-1.043576
-1.125035
-1.205443
-3.767988
-3.834611
-3.905588
-3.973869
-4.038641
-4.099640
-4.156734
-4.209841
-4.258912
-4.303947
-4.345136
-4.384717
-4.917362
-4.916499
-4.915945
-4.911711
-4.903382
-4.890887
-4.874559
-6.640946
-6.604457
-6.571597
-6.534954
-6.493779
-6.447951
-6.397661
-6.345059
-5.751754
-5.685237
-5.614381
-5.543247
-4.057948
-3.990177
-3.917361
-3.842393
-5.815396
-5.703436
-5.596015
-5.485073
-5.473850
-5.291393
-5.104979
-4.914753
-4.721302
-4.524604
-4.288583
-4.062514
-3.833835
-3.626986
-2.126588
-1.906224
-2.741881
-2.559566
-2.389896
-0.481184
-0.401986
-0.250464
-0.245379
-0.166108
0.023384
1.050787
0.262037
0.274273
0.283851
0.293093
0.302688
0.310812
0.319593
0.711934
0.716401
0.350713
0.360861
0.369260
0.377434
0.385403
0.392080
0.394490
-0.367866
0.387450
0.395110
-0.350465
-0.577996
0.273272
0.276396
0.278756
0.275214
4.575814
4.028444
4.112722
4.198944
4.293190
-2.130361
-2.049347
-1.980660
1.865400
1.789608
0.406213
0.416940
0.423133
0.428739
0.434088
0.439294
0.444374
0.449308
0.454071
0.615040
0.572289
0.403899
0.408600
0.412157
0.409973
3.537219
3.250576
3.335595
0.111551
0.120052
0.129256
0.139536
0.151040
0.161753
0.323801
0.355981
0.217826
0.226894
0.235470
0.243552
0.250911
0.256774
0.234368
-0.181039
-0.214677
-0.239092
-0.261911
-0.283703
-0.302352
-1.717125
-1.732664
-1.751357
-1.773551
-0.239434
-0.255975
-0.267123
-0.275263
-1.859681
-1.867715
-1.878975
-1.889063
-1.674660
0.348119
0.367880
0.373145
0.376166
0.378286
0.379903
0.381184
0.382214
0.383131
0.257096
0.256469
0.372099
0.372157
0.372276
0.372320
0.372288
0.372166
0.328308
0.323104
0.367013
0.366726
0.366470
0.365675
0.704137
0.712940
0.388503
0.387770
0.386567
0.384770
0.381075
1.996808
1.871150
0.689882
0.310882
0.312282
0.312039
0.311447
0.050407
0.062067
0.338608
0.336706
0.335083
0.333163
0.332371
-0.164720
-0.124604
0.365775
0.363701
0.361668
0.359735
0.357958
0.356978
-0.298819
-0.372055
0.324149
0.320830
0.317801
0.314890
0.312183
0.071612
-0.000318
0.248820
0.245852
0.242600
0.238832
0.233214
0.632428
0.761545
0.309406
0.302836
0.800428
0.533675
0.431992
-0.259524
-0.438915
-0.388438
-1.932349
-1.883473
-2.720645
-2.656545
-2.595436
-2.514976
-2.467457
-2.416119
-2.349621
-2.281283
-2.211263
-2.140616
0.434455
0.428521
0.423357
0.333968
0.411876
0.405279
0.398944
0.533593
0.539843
0.398537
0.392835
0.387012
0.380624
0.315840
0.386235
0.432836
0.425233
0.417867
0.473151
0.466053
0.386072
0.378215
0.370313
0.362800
0.209941
0.346540
0.336096
0.331973
0.337019
0.321517
0.324981
0.280830
0.250546
0.236877
1.971944
1.103463
0.348479
0.573343
0.555306
0.537307
-0.095670
-0.120525
-0.147969
-0.172016
-0.170513
-0.186556
-0.213306
-0.238177
-0.264008
-0.477849
0.093124
0.103214
0.101738
0.100256
-0.180578
-0.145365
0.103055
0.100846
-0.126360
-0.133172
0.089997
0.089615
0.089407
-0.243176
-0.322020
0.035094
0.033972
0.033358
0.032920
0.026427
0.032395
0.032330
0.032462
0.032655
0.195212
0.198267
0.186503
0.175178
-0.035208
-0.043981
-0.053611
-0.063054
-0.175920
-0.184669
-0.193609
-0.202300
-0.210083
-1.078020
3.743039
3.724134
3.717733
5.046752
5.039512
5.526258
5.510370
5.509947
0.006890
0.012790
0.006348
0.088757
0.082727
-0.021394
-0.029185
0.142783
0.134856
0.126849
0.307564
0.299669
0.292269
0.285696
0.087378
0.021705
0.036174
0.038474
0.040616
0.043175
-0.423462
-0.285064
0.061610
0.061129
-0.335761
-0.448238
0.024381
0.027723
0.232232
-0.026202
-0.065833
-0.402082
-0.425503
-0.055124
-0.087989
-0.119644
-0.439209
-0.471783
-0.555957
-1.180750
-1.197424
-1.205517
-1.233785
-1.250947
-1.268087
-1.007997
-1.022600
-1.036182
-1.438158
-1.447824
-1.458211
-1.467771
-1.467291
-1.485428
-1.153665
-1.159102
-1.163510
-1.166970
-1.169258
-1.492766
-1.491584
-1.490567
-1.488626
-1.469980
-1.465270
-1.459171
-1.451726
-1.442988
-1.433421
-1.268056
-1.256682
-1.244244
-1.377415
-1.401480
-1.387273
-1.372886
-1.361243
-0.192423
-0.173041
-0.153180
-0.133187
-0.112767
-0.090596
-0.858190
-0.835261
-0.813780
-0.791916
-0.769457
-0.758079
-0.739008
-0.713264
-0.686744
-0.659608
-0.631299
-0.860852
-0.833108
-0.805427
-0.779142
-0.747632
-0.111101
-0.093082
-0.074237
-0.055470
-0.035487
-0.018910
-0.002612
0.820544
-1.129003
-1.114756
-1.101156
-1.086868
-1.072035
-1.041320
-1.026157
-1.010578
-0.994388
-0.977995
-0.821537
-0.800523
-0.778525
-0.755750
-0.732137
-0.753897
-0.732607
-0.710353
-1.042453
-1.034811
-1.027719
-1.020256
-1.013289
-0.816405
-0.809634
-0.799509
-0.788944
-0.778023
-0.767719
-0.842032
-0.825331
-0.809361
-0.792893
-0.775812
-0.758095
-0.744350
-0.720653
-0.824554
-0.806000
-0.784683
-0.764436
-0.785742
-0.570299
-0.550837
-0.531577
-0.469982
-0.447034
-0.425573
-0.404646
-0.384468
-0.365534
-0.601689
-0.573478
-0.545544
-0.516767
-0.487459
-0.464393
-0.433411
-0.403066
-0.372937
-0.342753
-0.312403
-0.281000
-0.248975
-0.216665
-0.184087
-0.147937
-0.116582
-0.084999
-0.053182
-0.021107
0.011299
0.022922
0.054996
0.086560
0.117850
0.149050
0.165256
0.193924
0.222842
0.252051
0.279542
0.307175
0.186588
0.218734
0.190738
-8.757419
0.269054
0.264247
0.247377
0.228916
0.117850
0.098656
0.076031
-0.138483
-0.159033
-0.040512
-0.061200
-0.081644
-0.102600
-0.114260
-0.139114
-0.164579
-0.415812
-0.334228
-0.403855
-0.414625
-0.424936
-0.413461
-0.442361
-0.683837
-0.692152
-0.541452
-0.707989
-0.716788
-0.178734
-0.186061
-0.192765
-0.199169
-0.204697
-0.594990
-0.599255
-0.604088
-0.608532
-0.612482
-0.615910
-0.618802
-0.621150
-0.622950
-0.624197
-0.624885
-0.624993
-0.624356
-0.714425
-0.712512
-0.707562
-0.707328
-0.696100
-0.699665
-0.683107
-2.047583
-1.951718
-1.875714
-1.797909
-1.718599
-1.638907
-1.301241
-1.220206
-1.138205
-1.055227
-0.971288
-0.886309
-0.799143
-1.393723
-1.355803
-1.318402
-1.280131
-1.241050
-1.307419
-1.267224
-1.231146
-1.185580
-1.183379
-1.100998
-1.059164
-0.707724
-0.663840
-0.621563
-0.835924
-0.789411
-0.745587
-0.455211
-0.405534
-0.354971
-0.303329
-0.874434
-0.833827
-0.795172
-0.801916
-0.710933
-0.705367
-0.656596
-0.592838
-0.539155
-0.485038
-0.430566
-0.375851
-0.320780
-0.090416
-0.037893
0.014927
0.068291
0.220624
0.061760
0.062814
0.063089
0.063047
0.062839
0.062561
0.012040
0.016609
0.062159
0.061490
0.060884
0.060311
0.059853
-0.165808
-0.178593
0.047104
0.045690
0.044440
0.043123
0.041699
0.040101
0.038235
0.035879
0.031630
0.449323
0.338034
0.322698
0.298873
0.243824
0.227215
0.207873
0.193513
0.176409
0.159128
0.141810
0.088111
0.069388
0.050517
0.031581
0.012556
0.015813
-0.002603
-0.020813
-0.144095
-0.160915
-0.176939
-0.070636
-0.070377
-0.067792
-0.053618
-0.050346
-0.046191
-0.024839
0.207062
0.207365
0.204940
0.202034
0.198871
0.195540
0.192112
0.188646
0.185435
0.057627
0.107975
1.382349
1.321924
1.264661
1.207185
1.149156
1.058525
1.003896
0.948405
0.958433
0.882265
0.819792
0.758006
0.676525
0.616100
0.477715
-0.302866
-0.253042
-0.165149
-0.150908
-0.099473
-0.047659
0.057192
0.100559
0.152833
0.204954
0.256881
0.308528
0.413700
0.467888
0.519430
0.562079
4.159968
-0.031958
0.189022
0.189243
0.188785
0.187808
0.186710
0.185797
0.184748
-0.563891
-0.721277
0.066970
0.064722
0.063714
0.064542
-0.695995
-0.764738
-0.084375
-0.103082
-0.124600
1.098610
1.509280
0.207701
0.207755
0.206633
0.205000
0.203028
0.200685
0.197647
0.194395
-0.017556
0.596045
0.243445
0.244400
0.246317
0.246787
0.246376
0.245421
-0.270831
-0.209276
0.268396
0.265043
0.262416
0.260008
0.257820
0.256245
-0.237855
-0.307324
0.141672
0.212039
0.207890
0.203459
0.197841
0.187665
1.898558
1.497257
1.458594
0.057460
0.012134
-0.035546
-0.086526
1.022225
0.897141
-2.344317
-2.406685
-2.467823
-2.527007
-2.584136
-2.639243
-2.693267
-2.480205
-2.515813
-2.557247
-2.597150
-2.636936
-2.804593
-2.839733
-2.874622
-2.907532
-2.938256
-2.966718
-2.992861
-3.016501
-3.120433
-3.139115
-3.155656
-3.169771
-3.181422
-3.190602
-3.197409
-3.167612
-3.169356
-3.168298
-3.164521
-3.158049
-3.148913
-3.137177
-3.122995
-3.106916
-3.093956
-1.883726
-1.855821
-1.827920
-1.798536
-1.767511
-1.734880
-1.700635
-1.664012
-1.624755
-1.585659
-0.547044
0.075733
-5.561234
-5.550644
-5.563681
-6.749732
-1.100854
-0.066162
-0.085631
-0.100928
-1.461513
-0.547926
0.187372
0.362879
0.359742
0.357400
0.346025
0.345135
0.351840
0.351354
0.347777
0.345702
0.346372
0.341523
-0.403942
-0.338090
0.386327
0.382875
0.380091
0.377453
0.374893
0.372352
0.369886
0.367489
-0.125808
-0.031183
0.518470
0.510786
0.503818
0.497184
0.471305
0.391067
0.335018
0.333624
-0.589333
-0.643909
0.273249
0.268124
0.265491
0.262160
0.258795
0.151111
0.133294
0.235360
0.231443
0.227466
0.223258
0.218504
0.213205
-0.009770
-0.090087
-0.394880
-0.393448
-0.390844
-0.387656
-0.131115
-0.124575
-0.117885
-0.111497
-0.022107
-0.016377
-0.008174
-0.001847
-0.389421
-0.383099
-0.378736
0.045396
0.056044
0.074424
-2.825450
-51.251889
-78.952676
-99.047099
-115.578006
-129.848089
-142.540590
-154.074688
-164.733887
-174.701835
-184.751968
-199.444770
-208.615539
-215.862039
-222.151993
-227.655857
-232.441353
-236.547794
-240.002194
-242.831819
-245.094972
-246.686425
-254.048179
-254.892725
-253.881440
-251.923922
-249.016138
-245.040624
-239.808210
-232.977851
-223.291153
-205.154660
-191.644136
-175.433040
-154.918085
-127.125548
-85.072654
-103.810807
-163.055508
-207.485974
-243.614972
-274.125541
-300.523170
-323.799590
-344.712292
-364.016720
-382.815702
-409.367452
-424.358998
-436.863939
-448.268649
-458.805547
-468.513312
-477.204178
-483.546749
-469.373131
-475.345386
-483.053547
-491.595624
-501.137315
-521.260086
-519.123348
-515.649233
-511.573585
-506.459091
-499.761613
-490.798978
-478.582159
-460.356092
-422.533664
-405.397217
-391.707943
-380.328885
-370.504836
-361.759839
-353.756791
-346.226450
-338.901768
-331.247962
-324.012743
-313.213731
-306.713763
-300.409561
-294.526914
-289.016721
-283.993400
-280.012808
-295.928181
-292.199395
-285.238238
-277.276678
-268.445203
-257.250071
-244.265218
-231.929597
-217.531330
-201.917372
-184.529290
-163.861041
-134.827412
-110.871868
-84.899876
-53.045494
-11.156737
-14.202339
-14.742453
-14.100719
-13.034551
-11.736083
-10.242294
-8.577303
-6.665114
-4.471158
-1.965655
30.430296
49.394497
63.366279
74.387475
83.285664
90.463117
95.346460
95.216886
97.119797
98.054394
98.267944
97.700379
96.245129
93.734436
89.899974
84.296221
76.131732
63.835478
43.585053
97.296379
147.320931
180.788164
204.898635
222.805832
235.866318
244.897477
250.387295
252.609132
251.678415
247.575101
240.138362
229.021548
213.482796
190.973578
158.824091
129.061769
96.923301
59.695049
-119.021958
-181.213582
-223.343814
-253.721701
-275.291447
-291.805080
-298.456709
-299.023770
-269.326213
-263.342345
-258.900507
-253.963361
-248.328387
-241.525572
-233.165618
-222.550067
-207.200929
-195.877373
-186.124434
-177.302685
-169.231329
-162.111052
-161.717893
-155.149382
-148.001534
-140.746040
-133.447388
-126.105724
-118.698435
-111.191860
-103.543977
-95.646622
-89.670729
-81.351345
-72.343699
-62.764655
-52.306222
-40.397809
-25.356871
-5.667653
-8.163211
-9.370368
-9.723024
-9.332371
-8.113038
-5.651491
-53.918824
-83.689027
-105.622308
-123.216909
-137.044103
-153.250174
-166.811037
-178.270162
-179.028306
-187.742292
-195.329577
-201.412477
-205.994105
-209.107306
-210.849761
-211.744046
-217.071921
-212.210449
-203.643475
-191.049241
-170.776016
-152.850324
-132.189992
-106.670890
-70.917622
-44.983836
-69.495212
-86.770073
-99.897269
-110.050260
-117.745564
-123.180691
-126.331781
-126.913962
-123.937887
-110.224740
-102.461566
-92.637311
-78.168085
-54.205661
-21.554183
-31.987663
-38.976332
-44.339704
-48.644317
-51.874688
-53.945026
-56.110944
-55.792011
-54.265203
-51.556930
-47.505710
-41.790506
-33.760131
-21.822205
-31.231913
-50.808118
-66.278259
-79.456224
-91.057909
-101.448999
-110.851709
-119.429114
-127.360753
-135.174969
-150.216568
-157.246648
-163.202542
-168.621932
-173.598613
-178.129956
-182.102941
-184.879328
-178.322649
-180.769083
-183.900535
-187.152309
-190.506440
-194.363248
-205.320137
-208.868405
-211.496650
-213.853864
-216.147043
-218.550295
-220.484650
-229.753806
-231.955595
-230.693870
-229.006716
-226.959208
-224.367401
-220.298568
-202.669961
-198.472877
-195.005122
-191.489182
-187.813109
-184.023424
-180.470807
-184.385563
-180.621731
-175.732459
-170.537889
-165.124230
-159.316121
-153.085219
-145.925889
-137.173094
-130.560020
-124.071856
-117.818694
-111.740866
-105.812477
-100.014106
-95.570580
-90.187868
-84.582810
-78.639568
-72.226046
-65.263262
-57.634338
-52.914201
-41.934327
-26.474784
-29.499135
-43.837335
-52.636888
-58.312032
-62.198904
-64.648912
-66.139791
-67.152300
-70.466845
-70.025929
-68.626449
-66.715263
-64.510991
-62.147770
-60.808144
-56.662677
-52.293274
-47.891974
-43.448944
-37.632819
-32.907239
-28.026706
-23.067821
-18.148622
-13.453067
-8.656557
-4.353473
-1.159161
1.710923
3.888319
4.779286
2.548555
0.414072
-0.738379
19.981908
31.131000
39.132623
45.434081
50.774677
55.809287
60.100504
63.790084
66.947188
68.790296
70.152496
71.039299
71.406492
70.617096
64.635183
63.067754
61.114972
58.773228
55.852075
52.185641
47.531887
41.556944
33.594095
22.026592
-15.760321
-25.295686
-33.211925
-40.755749
-48.586413
-60.788915
-65.910998
-67.859108
-66.373275
-53.968139
-45.248718
-30.685787
-11.976971
-18.573924
-23.333202
-27.099112
-30.221223
-32.898819
-35.314783
-38.439236
-40.277348
-41.706571
-42.844172
-43.738020
-44.412661
-44.717072
-43.919783
-43.568517
-42.644521
-41.219582
-39.262410
-36.705035
-33.427456
-29.213325
-23.626013
-15.551091
-12.672357
-18.757941
-22.093790
-23.651249
-23.810443
-22.726290
-20.411212
-16.699371
-10.958258
-193.905354
-190.019391
-186.593989
-183.781131
-181.487732
-179.622830
-178.095334
-176.718887
-174.329972
-162.505173
-161.649905
-161.805903
-162.800950
-164.955421
-169.462956
-191.843365
-193.428793
-192.278250
-190.552467
-187.097089
-178.075072
-173.424859
-166.734931
-158.380505
-148.026565
-135.045572
-118.438947
-96.239557
-63.587063
-36.782473
-59.255181
-76.943397
-91.370415
-103.135243
-112.822172
-120.865657
-128.373404
-132.820586
-135.099890
-135.915928
-135.545150
-134.149565
-131.817799
-128.302742
-121.936371
-116.046383
-108.112858
-98.184212
-85.638869
-69.231025
-45.707412
-53.133672
-82.089115
-101.970620
-115.284738
-124.110233
-129.764232
-135.564112
-143.056097
-151.450563
-165.253089
-173.572778
-179.549727
-184.455432
-188.838252
-192.908642
-196.558957
-200.296573
-203.933020
-207.438607
-211.096826
-214.701690
-218.434175
-222.138123
-226.154025
-229.739141
-232.353907
-234.380838
-235.909750
-236.978869
-237.602279
-237.765935
-237.407007
-236.181137
-231.937267
-230.471528
-229.020689
-227.462141
-225.716369
-223.710540
-221.398608
-218.882871
-216.209341
-213.177628
-215.434740
-213.047696
-210.228364
-207.611550
-205.144152
-202.777401
-200.410185
-197.708090
-195.807481
-194.349674
-193.280613
-192.609092
-192.382006
-192.674157
-193.474270
