146.2000 13.7558 65.0146
147.1347 15.8000 71.9745
147.3081 18.0500 70.9428
146.4184 20.1500 71.4670
145.1500 22.0290 66.1369
142.3825 27.8500 71.3569
141.7157 30.0500 66.9336
141.5098 32.3000 51.3627
141.1653 34.5500 31.0520
142.6449 36.9500 29.5129
143.2500 39.1341 27.8400
144.0500 41.3492 26.2098
146.4000 42.6632 34.0771
148.8000 44.1261 41.9260
151.3405 45.4000 40.8615
153.5919 47.0000 46.8452
155.7000 48.7362 49.0980
157.9444 50.4000 49.3583
160.1043 52.2000 54.5795
161.8550 54.2000 66.5146
162.2500 54.7335 65.4235
178.9904 -37.2000 66.5687
180.2433 -35.2000 61.6253
181.2804 -33.1500 64.8946
182.1813 -31.0500 65.4957
183.1093 -28.9500 59.1893
183.6599 -26.7500 55.9554
184.4672 -24.6500 51.7712
184.8729 -22.4500 56.3914
185.8872 -20.4000 45.5048
186.3210 -19.0500 41.2555
286.0838 -38.0500 53.4490
286.6705 -35.8500 49.4862
288.2257 -29.4000 47.7873
288.8278 -27.1500 52.6374
288.9553 -24.9500 47.0568
289.2264 -22.7500 44.4846
289.2000 -20.5480 42.7527
288.3304 -18.5000 47.2124
286.4500 -16.9535 56.7937
281.8267 -12.0500 46.4827
280.5515 -10.1500 55.9087
279.5490 -8.1500 55.3136
278.7822 -6.1000 55.5863
278.7791 -3.9000 51.9814
279.1268 -1.6500 53.8867
279.8000 0.5422 41.4106
281.1133 2.4000 25.9995
282.2804 4.3000 43.7039
282.6056 6.0000 57.0772
274.0032 10.3000 69.9761
272.3473 11.8500 69.7009
270.2500 12.7671 65.8312
268.1000 13.6679 66.8171
266.0500 14.7622 60.1982
264.7000 15.5728 44.5814
262.4500 16.0518 56.2144
260.3000 16.9571 66.1613
258.0423 17.7000 61.9143
235.8448 42.3500 64.3236
235.6735 44.6000 65.9642
235.6820 46.8500 46.4982
234.5934 48.3500 51.9679
124.9000 24.1599 55.1823
126.9750 25.3500 62.3624
128.7167 26.9500 63.0702
130.2740 28.7000 54.1998
131.6272 30.6000 55.9882
132.8000 32.4588 65.3757
335.1362 -58.1500 68.3569
333.7000 -56.0975 68.7563
331.5000 -55.2182 64.5236
168.0782 -18.4500 63.5272
167.5151 -16.8000 70.1276
166.8246 -14.7000 69.6949
166.3345 -12.5000 66.0391
166.0298 -11.5500 66.0956
100.1798 -2.7500 57.0023
101.4891 -4.6000 63.2487
103.1500 -6.1549 64.4251
105.0500 -7.4311 63.4018
106.9000 -8.7265 61.8824
109.1500 -9.2490 57.3480
111.3500 -9.4793 58.6108
113.5179 -10.0500 55.5009
115.7500 -10.2643 59.2519
117.9000 -10.4230 63.4177
181.8000 51.0674 67.8277
185.4048 51.3000 62.1830
188.8500 51.6906 60.6802
192.2500 52.4711 53.8562
195.7500 53.2683 58.9358
199.2000 54.1319 44.8818
202.4000 55.1190 39.3883
205.6500 56.4259 51.1740
206.4000 56.7312 53.0532
150.6000 -6.1620 74.2606
152.7000 -5.3016 69.2067
153.2500 -5.3753 71.8957
