144.3515 12.5000 65.1303
144.5000 12.5714 66.6784
144.6503 12.6500 68.0009
144.8000 12.7335 67.7584
144.9090 12.8000 68.4919
145.0000 12.8583 68.6922
145.1331 12.9500 69.3232
145.2500 13.0349 69.5536
145.3368 13.1000 69.5450
145.4500 13.1846 69.1788
145.5381 13.2500 65.2650
145.6500 13.3311 67.7141
145.7449 13.4000 64.6384
145.8500 13.4762 64.9437
145.9479 13.5500 66.1716
146.0500 13.6292 66.7850
146.1358 13.7000 65.0146
146.2000 13.7558 65.0146
146.3003 13.8500 66.1703
146.3500 13.9007 66.1703
146.4387 14.0000 68.3003
146.5000 14.0776 67.2068
146.5515 14.1500 68.3003
146.6000 14.2249 68.3003
146.6441 14.3000 68.3767
146.6713 14.3500 68.3767
146.7207 14.4500 68.3003
146.7500 14.5163 68.5924
146.7852 14.6000 68.5924
146.8045 14.6500 68.7833
146.8415 14.7500 68.8487
146.8590 14.8000 69.2155
146.8926 14.9000 69.4318
146.9089 14.9500 69.6644
146.9403 15.0500 69.8398
146.9553 15.1000 69.3494
146.9849 15.2000 69.3131
147.0000 15.2555 70.6064
147.0260 15.3500 70.7981
147.0500 15.4457 70.4528
147.0638 15.5000 70.7299
147.0761 15.5500 71.5300
147.0993 15.6500 71.6305
147.1114 15.7000 71.7717
147.1347 15.8000 71.9745
147.1500 15.8676 72.3849
147.1696 15.9500 72.2267
147.1812 16.0000 72.7411
147.2040 16.1000 72.8708
147.2158 16.1500 72.2531
147.2386 16.2500 73.2366
147.2500 16.3025 72.1266
147.2717 16.4000 72.0678
147.2820 16.4500 73.3189
147.3007 16.5500 71.9131
147.3096 16.6000 73.2853
147.3249 16.7000 71.8171
147.3312 16.7500 73.2476
147.3412 16.8500 73.2099
147.3451 16.9000 73.2099
147.3511 17.0000 73.0929
147.3534 17.0500 73.0929
147.3568 17.1500 72.9484
147.3581 17.2000 72.9484
147.3596 17.3000 72.7765
147.3599 17.3500 72.6839
147.3593 17.4500 72.6191
147.3584 17.5000 72.5406
147.3549 17.6000 72.4484
147.3500 17.6850 72.3839
147.3454 17.7500 71.0339
147.3411 17.8000 72.3195
147.3304 17.9000 72.2415
147.3239 17.9500 72.2415
147.3081 18.0500 70.9428
147.2987 18.1000 72.1911
147.2773 18.2000 72.1911
147.2500 18.2991 70.8478
147.2344 18.3500 70.9097
147.2000 18.4445 70.8766
147.1781 18.5000 70.9097
147.1500 18.5635 70.8766
147.1099 18.6500 70.8766
147.0856 18.7000 67.2933
147.0356 18.8000 70.8438
147.0000 18.8704 70.9142
146.9611 18.9500 71.0588
146.9371 19.0000 71.2652
146.8904 19.1000 71.6239
146.8500 19.1896 72.4034
146.8242 19.2500 72.0808
146.8000 19.3050 72.3970
146.7599 19.4000 72.6662
146.7386 19.4500 72.7903
146.6951 19.5500 72.7103
146.6735 19.6000 72.9699
146.6284 19.7000 72.9462
146.6000 19.7604 71.7491
146.5583 19.8500 72.9485
146.5348 19.9000 72.8003
146.4875 20.0000 72.2772
146.4500 20.0798 70.0368
146.4184 20.1500 71.4670
146.3958 20.2000 70.3563
146.3525 20.3000 70.6459
146.3322 20.3500 70.1179
146.2914 20.4500 69.0678
146.2718 20.5000 69.2562
146.2324 20.6000 69.1110
146.2000 20.6799 68.5749
146.1717 20.7500 68.5749
146.1498 20.8000 67.9256
146.1050 20.9000 68.1248
146.0812 20.9500 68.0172
146.0295 21.0500 67.7780
146.0000 21.1018 67.4099
145.9411 21.2000 67.4505
145.9000 21.2626 67.3726
145.8389 21.3500 67.3726
145.8000 21.4016 66.8790
145.7222 21.5000 66.7581
145.6500 21.5839 66.1292
145.5896 21.6500 66.1292
145.5000 21.7411 66.6067
145.4375 21.8000 66.4907
145.3500 21.8765 66.4907
145.2573 21.9500 64.4518
145.1500 22.0290 66.1369
145.0468 22.1000 66.2250
144.9500 22.1669 66.0897
144.8331 22.2500 66.0184
144.7500 22.3135 65.8630
144.6442 22.4000 65.2408
144.5500 22.4828 64.7584
144.4763 22.5500 64.6099
144.4000 22.6210 64.8913
144.3163 22.7000 65.0880
144.2500 22.7630 65.1873
144.1589 22.8500 65.8757
144.1000 22.9061 66.1075
144.0008 23.0000 66.7801
143.9000 23.0941 66.8490
143.8388 23.1500 67.1356
143.7500 23.2302 67.7699
143.6716 23.3000 68.3757
143.6000 23.3645 68.8109
143.5074 23.4500 69.6293
143.4500 23.5055 70.1656
142.4240 27.0500 71.5852
142.4277 27.1000 71.5929
142.4319 27.2000 71.5929
142.4325 27.2500 72.1065
142.4312 27.3500 71.5623
142.4293 27.4000 72.1096
142.4233 27.5000 71.7822
142.4192 27.5500 71.4887
142.4091 27.6500 71.4330
142.4000 27.7223 71.4544
142.3899 27.8000 71.2584
142.3825 27.8500 71.3569
142.3657 27.9500 71.5834
142.3500 28.0302 70.8656
142.3361 28.1000 70.9035
142.3250 28.1500 70.7228
142.3001 28.2500 70.1846
142.2875 28.3000 70.6176
142.2594 28.4000 70.5661
142.2446 28.4500 70.2748
142.2141 28.5500 70.1096
142.1978 28.6000 69.7455
142.1656 28.7000 69.5811
142.1484 28.7500 69.4056
142.1147 28.8500 69.3157
142.0968 28.9000 68.8468
142.0614 29.0000 68.6614
142.0431 29.0500 67.9067
142.0066 29.1500 68.1300
141.9887 29.2000 67.8192
141.9528 29.3000 67.5347
141.9359 29.3500 66.7597
141.9022 29.4500 67.3317
141.8866 29.5000 67.2504
141.8550 29.6000 67.2344
141.8399 29.6500 66.7444
141.8092 29.7500 67.2275
141.7937 29.8000 67.1798
141.7627 29.9000 67.1650
141.7467 29.9500 67.1040
141.7157 30.0500 66.9336
141.6996 30.1000 65.4141
141.6697 30.2000 66.5546
141.6500 30.2658 65.6978
141.6273 30.3500 65.6803
141.6143 30.4000 65.4832
141.5908 30.5000 63.3908
141.5808 30.5500 64.4102
141.5636 30.6500 63.3362
141.5567 30.7000 61.3905
141.5472 30.8000 60.7988
141.5447 30.8500 59.1530
141.5435 30.9500 56.1848
141.5448 31.0000 57.2098
141.5503 31.1000 56.1142
141.5546 31.1500 55.1372
141.5644 31.2500 54.5337
141.5693 31.3000 54.8144
141.5777 31.4000 54.4405
141.5807 31.4500 54.4405
141.5835 31.5500 54.4405
141.5831 31.6000 54.4405
141.5786 31.7000 55.8443
141.5746 31.7500 54.4405
141.5640 31.8500 55.4412
141.5577 31.9000 55.0697
141.5447 32.0000 53.9325
141.5385 32.0500 53.7566
141.5263 32.1500 51.5749
141.5205 32.2000 52.0956
141.5098 32.3000 51.3627
141.5000 32.3973 50.4545
141.4953 32.4500 49.0958
141.4907 32.5000 50.1066
141.4805 32.6000 49.9747
141.4746 32.6500 48.6988
141.4605 32.7500 49.7571
141.4500 32.8109 49.5487
141.4338 32.9000 49.9262
141.4231 32.9500 49.5487
141.3989 33.0500 49.3571
141.3865 33.1000 49.5707
141.3592 33.2000 49.3686
141.3451 33.2500 48.7526
141.3172 33.3500 48.7398
141.3000 33.4105 48.3114
141.2767 33.5000 47.3310
141.2642 33.5500 47.4243
141.2414 33.6500 45.9850
141.2315 33.7000 45.3954
141.2138 33.8000 44.4124
141.2000 33.8925 43.2979
141.1931 33.9500 42.5132
141.1877 34.0000 42.1005
141.1784 34.1000 39.6369
141.1745 34.1500 40.3075
141.1683 34.2500 39.3506
141.1660 34.3000 37.6316
141.1634 34.4000 37.2385
141.1632 34.4500 35.8889
141.1653 34.5500 31.0520
141.1677 34.6000 29.4537
141.1755 34.7000 27.1843
141.1810 34.7500 27.2134
141.2205 35.0000 28.9441
141.2369 35.0500 29.0262
141.2761 35.1500 28.6551
141.2986 35.2000 28.9094
141.3235 35.2500 28.5863
141.3775 35.3500 29.1664
141.4064 35.4000 29.3864
141.4500 35.4711 29.8085
141.5000 35.5487 29.0948
141.5353 35.6000 29.7176
141.5713 35.6500 29.0990
141.6489 35.7500 28.3425
141.6915 35.8000 28.1246
141.7500 35.8645 27.0751
141.8341 35.9500 26.7815
141.8859 36.0000 26.0421
141.9500 36.0606 25.6309
142.0455 36.1500 25.7073
142.0976 36.2000 25.7073
142.1500 36.2520 25.7073
142.2428 36.3500 27.2359
142.2867 36.4000 27.3860
142.3500 36.4777 27.4572
142.4000 36.5438 28.0552
142.4400 36.6000 28.8449
142.4735 36.6500 28.9132
142.5357 36.7500 29.1214
142.5647 36.8000 29.4484
142.6000 36.8641 29.4970
142.6449 36.9500 29.5129
142.6697 37.0000 29.7786
142.7000 37.0644 29.5129
142.7384 37.1500 29.7033
142.7597 37.2000 29.7033
142.7802 37.2500 29.8460
142.8188 37.3500 29.8460
142.8370 37.4000 29.8460
142.8545 37.4500 29.8460
142.8877 37.5500 29.9607
142.9033 37.6000 29.8889
142.9185 37.6500 29.8889
142.9469 37.7500 29.8889
142.9605 37.8000 29.8171
142.9737 37.8500 29.8171
142.9985 37.9500 29.7917
143.0105 38.0000 29.7406
143.0222 38.0500 29.6065
143.0445 38.1500 29.5272
143.0553 38.2000 29.4425
143.0661 38.2500 29.4831
143.0869 38.3500 29.2757
143.0970 38.4000 29.1861
143.1072 38.4500 29.0950
143.1274 38.5500 28.9208
143.1374 38.6000 28.8288
143.1500 38.6634 28.7433
143.1677 38.7500 28.5629
143.1780 38.8000 28.4738
143.1883 38.8500 28.3853
143.2093 38.9500 28.1319
143.2202 39.0000 28.0487
143.2312 39.0500 27.9661
143.2500 39.1341 27.8400
143.2655 39.2000 27.6849
143.2775 39.2500 27.6134
143.3000 39.3419 27.4169
143.3150 39.4000 27.3057
143.3282 39.4500 27.2569
143.3500 39.5307 27.1727
143.3697 39.6000 27.0790
143.3842 39.6500 27.0563
143.4142 39.7500 27.0185
143.4297 39.8000 26.7831
143.4500 39.8642 26.7734
143.4781 39.9500 26.7757
143.4947 40.0000 27.0724
143.5117 40.0500 26.8046
143.5463 40.1500 27.1642
143.5640 40.2000 26.8769
143.5818 40.2500 27.2465
143.6182 40.3500 26.9642
143.6367 40.4000 27.0081
143.6555 40.4500 27.0277
143.6941 40.5500 27.0796
143.7139 40.6000 27.1024
143.7340 40.6500 26.6403
143.7755 40.7500 27.1107
143.7968 40.8000 27.0909
143.8186 40.8500 27.0752
143.8500 40.9209 27.0369
143.8857 41.0000 26.5443
143.9087 41.0500 26.5208
143.9500 41.1390 26.4653
143.9787 41.2000 26.4015
144.0022 41.2500 26.3295
144.0500 41.3492 26.2098
144.0754 41.4000 26.1224
144.1005 41.4500 25.9781
144.1500 41.5418 25.5638
144.1839 41.6000 25.3883
144.2152 41.6500 25.0124
144.2864 41.7500 24.5271
144.3279 41.8000 24.8507
144.4000 41.8749 28.7494
144.4500 41.9192 30.2826
144.5601 42.0000 31.6722
144.7000 42.0778 33.3052
144.8500 42.1422 34.0218
145.0206 42.2000 33.7199
145.2500 42.2639 34.0275
145.5000 42.3316 34.1825
145.7190 42.4000 33.8262
145.9000 42.4641 33.3308
146.1000 42.5411 33.4193
146.2471 42.6000 33.6433
146.4000 42.6632 34.0771
146.5500 42.7298 33.1184
146.6921 42.8000 32.6369
146.8000 42.8586 31.6410
146.9000 42.9177 30.7340
147.0286 43.0000 30.9274
147.1500 43.0813 30.2375
147.2500 43.1498 31.2282
147.3244 43.2000 31.4626
147.4000 43.2508 32.7549
147.5500 43.3489 32.3250
147.6300 43.4000 35.4445
147.7500 43.4758 35.9010
147.8500 43.5391 36.5143
147.9459 43.6000 37.6150
148.0500 43.6660 38.1020
148.1500 43.7301 38.3180
148.2581 43.8000 38.4675
148.3500 43.8586 37.8754
148.4500 43.9213 38.4463
148.5786 44.0000 40.2001
148.7000 44.0704 41.1043
148.8000 44.1261 41.9260
148.9386 44.2000 43.6018
149.0500 44.2562 44.3946
149.2000 44.3288 44.9926
149.3496 44.4000 44.7664
149.5000 44.4696 45.8134
149.6500 44.5400 45.9595
149.7759 44.6000 46.1201
149.9000 44.6595 46.1372
150.0500 44.7331 46.1314
150.1829 44.8000 46.0138
150.3000 44.8593 45.6539
150.4500 44.9366 45.8117
150.5708 45.0000 45.4402
150.7000 45.0675 44.9906
150.8000 45.1201 44.6123
150.9516 45.2000 43.6160
151.1000 45.2765 42.7972
151.2000 45.3279 41.9744
151.3405 45.4000 40.8615
151.4500 45.4558 40.3739
151.6000 45.5330 40.0484
151.7259 45.6000 39.6804
151.8500 45.6681 39.6763
151.9500 45.7257 39.4363
152.0716 45.8000 39.4103
152.1500 45.8504 39.4103
152.2500 45.9176 39.0957
152.3647 46.0000 39.0369
152.4500 46.0644 39.0369
152.5500 46.1438 38.6768
152.6186 46.2000 39.0881
152.7000 46.2685 39.0330
152.7947 46.3500 39.7663
152.8525 46.4000 40.5655
152.9500 46.4833 41.8563
153.0000 46.5256 42.8717
153.0895 46.6000 44.1316
153.1510 46.6500 45.1467
153.2500 46.7281 45.6264
153.3414 46.8000 46.5604
153.4052 46.8500 46.5343
153.5000 46.9248 46.7183
153.5919 47.0000 46.8452
153.6516 47.0500 46.8521
153.7500 47.1347 46.7656
153.8232 47.2000 46.8366
153.9000 47.2702 46.7746
153.9500 47.3167 46.6528
154.0385 47.4000 46.5662
154.1000 47.4583 46.4424
154.1966 47.5500 46.1878
154.2496 47.6000 45.9044
154.3031 47.6500 45.9210
154.4000 47.7392 45.7735
154.4673 47.8000 45.8382
154.5500 47.8730 45.8193
154.6392 47.9500 45.9292
154.6985 48.0000 46.0480
154.8000 48.0828 46.3298
154.8500 48.1228 46.5412
154.9478 48.2000 46.9198
155.0500 48.2779 47.2248
155.1460 48.3500 47.8021
155.2144 48.4000 48.0033
155.3000 48.4615 48.3916
155.4000 48.5318 48.5811
155.4982 48.6000 48.8696
155.6000 48.6688 49.0719
155.7000 48.7362 49.0980
155.7946 48.8000 49.2666
155.9000 48.8707 49.3155
156.0000 48.9389 49.3516
156.0884 49.0000 49.3956
156.2000 49.0783 49.4437
156.2993 49.1500 49.3897
156.3679 49.2000 49.4539
156.4500 49.2609 49.3155
156.5500 49.3359 49.3509
156.6350 49.4000 49.1564
156.7013 49.4500 48.9253
156.8000 49.5233 48.7972
156.9031 49.6000 48.3624
157.0000 49.6711 48.0858
157.1000 49.7454 47.8040
157.1733 49.8000 47.7724
157.2500 49.8581 47.4484
157.3500 49.9350 47.2115
157.4329 50.0000 47.4440
157.5000 50.0534 47.6225
157.6000 50.1328 47.8748
157.6845 50.2000 48.1616
157.7500 50.2517 48.4336
157.8500 50.3287 48.9346
157.9444 50.4000 49.3583
158.0500 50.4772 49.5312
158.1500 50.5494 49.4174
158.2216 50.6000 50.0164
158.3000 50.6555 50.0363
158.4000 50.7264 49.7989
158.5018 50.8000 50.0644
158.6000 50.8717 49.9038
158.7000 50.9471 50.1517
158.7691 51.0000 50.1074
158.8500 51.0632 50.1498
158.9500 51.1437 50.3515
159.0181 51.2000 50.5036
159.1000 51.2694 50.6355
159.1919 51.3500 50.8578
159.2474 51.4000 51.1634
159.3021 51.4500 51.1011
159.4000 51.5412 51.4410
159.4621 51.6000 51.7316
159.5147 51.6500 52.0342
159.6000 51.7311 52.5050
159.6727 51.8000 52.8999
159.7500 51.8725 53.2290
159.8000 51.9191 53.5997
159.8875 52.0000 53.9496
159.9500 52.0575 54.1794
160.0500 52.1497 54.1794
160.1043 52.2000 54.5795
160.1577 52.2500 54.9288
160.2500 52.3380 55.1977
160.3136 52.4000 55.4360
160.3640 52.4500 55.6373
160.4500 52.5367 56.3760
160.5121 52.6000 56.6994
160.5609 52.6500 57.0462
160.6500 52.7412 57.8343
160.7076 52.8000 58.4840
160.7567 52.8500 59.3811
160.8500 52.9450 59.9918
160.9036 53.0000 60.7426
160.9518 53.0500 60.8548
161.0462 53.1500 61.6002
161.0921 53.2000 61.7636
161.1500 53.2649 61.0903
161.2000 53.3225 61.6748
161.2650 53.4000 62.2080
161.3056 53.4500 62.3853
161.3847 53.5500 63.4536
161.4232 53.6000 62.4319
161.4608 53.6500 62.7753
161.5349 53.7500 62.9965
161.5713 53.8000 63.0949
161.6072 53.8500 63.2103
161.6787 53.9500 63.5420
161.7140 54.0000 64.8963
161.7500 54.0514 64.5947
161.8000 54.1220 66.0223
161.8550 54.2000 66.5146
161.9000 54.2631 66.5291
161.9500 54.3327 67.0696
161.9985 54.4000 67.4060
162.0500 54.4698 67.5755
162.1000 54.5371 67.8473
162.1472 54.6000 67.6443
162.2000 54.6690 67.8902
162.2500 54.7335 65.4235
177.2407 -39.0000 77.5710
177.3000 -38.9347 76.6801
177.3500 -38.8811 77.0852
177.4286 -38.8000 76.6850
177.5000 -38.7314 76.3318
177.5898 -38.6500 74.2595
177.6487 -38.6000 75.0066
177.7500 -38.5194 72.6050
177.8000 -38.4805 72.8623
177.9038 -38.4000 73.7151
178.0000 -38.3246 73.4757
178.0894 -38.2500 72.7752
178.1463 -38.2000 72.9078
178.2006 -38.1500 72.9078
178.3000 -38.0521 72.4584
178.3496 -38.0000 73.4245
178.4000 -37.9449 72.4584
178.4829 -37.8500 72.1689
178.5248 -37.8000 71.9519
178.5657 -37.7500 70.4972
178.6450 -37.6500 71.1199
178.6841 -37.6000 70.7720
178.7225 -37.5500 70.5346
178.7981 -37.4500 68.9769
178.8363 -37.4000 69.0379
178.8744 -37.3500 68.5400
178.9500 -37.2513 66.9348
178.9904 -37.2000 66.5687
179.0500 -37.1253 65.2526
179.1000 -37.0633 65.3609
179.1511 -37.0000 64.8900
179.2000 -36.9396 64.2471
179.2500 -36.8766 64.3373
179.3086 -36.8000 64.0278
179.3500 -36.7436 63.7088
179.4000 -36.6729 63.5053
179.4488 -36.6000 63.1406
179.5000 -36.5208 63.1379
179.5439 -36.4500 62.8197
179.5747 -36.4000 62.4962
179.6046 -36.3500 62.2095
179.6500 -36.2742 61.2820
179.6942 -36.2000 60.5962
179.7242 -36.1500 61.4224
179.7832 -36.0500 61.0937
179.8123 -36.0000 60.9705
179.8500 -35.9343 60.0086
179.8978 -35.8500 60.8354
179.9262 -35.8000 60.8334
179.9532 -35.7500 60.8309
180.0000 -35.6634 60.9383
180.0343 -35.6000 60.6863
180.0606 -35.5500 60.3598
180.1000 -35.4746 60.7981
180.1394 -35.4000 61.2761
180.1656 -35.3500 61.3764
180.2000 -35.2833 61.6318
180.2433 -35.2000 61.6253
180.2693 -35.1500 61.7081
180.3204 -35.0500 61.9034
180.3454 -35.0000 61.6921
180.3710 -34.9500 61.9801
180.4212 -34.8500 61.9075
180.4459 -34.8000 61.8371
180.4713 -34.7500 61.5744
180.5216 -34.6500 61.2034
180.5464 -34.6000 61.4277
180.5722 -34.5500 60.9455
180.6233 -34.4500 60.4973
180.6484 -34.4000 59.9338
180.6747 -34.3500 60.0103
180.7264 -34.2500 59.5871
180.7517 -34.2000 58.9937
180.7781 -34.1500 59.1569
180.8295 -34.0500 59.4727
180.8548 -34.0000 59.7060
180.8807 -33.9500 58.6435
180.9316 -33.8500 60.7261
180.9566 -33.8000 60.1913
180.9823 -33.7500 61.0532
181.0329 -33.6500 61.7289
181.0580 -33.6000 62.9241
181.0835 -33.5500 63.2073
181.1339 -33.4500 62.9498
181.1588 -33.4000 63.7218
181.1839 -33.3500 63.8425
181.2329 -33.2500 64.9968
181.2566 -33.2000 65.1285
181.2804 -33.1500 64.8946
181.3259 -33.0500 65.1787
181.3473 -33.0000 65.4323
181.3691 -32.9500 65.6763
181.4000 -32.8741 66.1606
181.4303 -32.8000 65.7058
181.4500 -32.7482 66.5468
181.4882 -32.6500 66.2542
181.5071 -32.6000 66.8065
181.5264 -32.5500 66.7402
181.5643 -32.4500 66.5731
181.5835 -32.4000 66.1299
181.6023 -32.3500 67.4686
181.6418 -32.2500 66.3603
181.6618 -32.2000 67.7864
181.6822 -32.1500 67.8120
181.7236 -32.0500 67.2861
181.7444 -32.0000 67.8932
181.7663 -31.9500 67.7920
181.8000 -31.8725 67.6069
181.8332 -31.8000 67.5939
181.8558 -31.7500 66.5935
181.9000 -31.6545 67.0519
181.9262 -31.6000 66.8957
181.9500 -31.5482 66.7375
181.9964 -31.4500 66.5922
182.0203 -31.4000 66.2686
182.0500 -31.3351 66.1208
182.0897 -31.2500 65.9695
182.1127 -31.2000 65.8401
182.1500 -31.1177 65.6032
182.1813 -31.0500 65.4957
182.2037 -31.0000 64.5338
182.2270 -30.9500 65.3109
182.2729 -30.8500 64.9197
182.2956 -30.8000 65.0558
182.3192 -30.7500 64.0306
182.3500 -30.6829 64.1219
182.3893 -30.6000 64.4146
182.4130 -30.5500 64.5096
182.4500 -30.4711 64.2203
182.4842 -30.4000 64.0599
182.5076 -30.3500 62.5811
182.5500 -30.2595 62.0854
182.5786 -30.2000 63.2286
182.6013 -30.1500 62.7204
182.6479 -30.0500 60.9189
182.6717 -30.0000 60.6070
182.7000 -29.9377 59.9844
182.7408 -29.8500 59.6829
182.7640 -29.8000 60.7698
182.8000 -29.7205 60.2768
182.8325 -29.6500 59.4162
182.8545 -29.6000 58.2827
182.8771 -29.5500 58.2827
182.9203 -29.4500 58.0739
182.9410 -29.4000 59.4808
182.9616 -29.3500 57.9731
183.0000 -29.2520 58.2316
183.0206 -29.2000 58.2316
183.0500 -29.1188 58.0060
183.0752 -29.0500 59.2118
183.0923 -29.0000 58.0323
183.1093 -28.9500 59.1893
183.1421 -28.8500 59.1781
183.1580 -28.8000 59.1468
183.1738 -28.7500 59.1156
183.2000 -28.6611 59.0329
183.2185 -28.6000 59.0075
183.2329 -28.5500 58.9615
183.2611 -28.4500 58.8088
183.2754 -28.4000 58.7076
183.2892 -28.3500 58.6164
183.3177 -28.2500 57.4274
183.3320 -28.2000 58.2839
183.3500 -28.1352 57.9489
183.3752 -28.0500 57.0916
183.3894 -28.0000 57.8923
183.4034 -27.9500 57.7318
183.4318 -27.8500 57.6615
183.4450 -27.8000 57.6519
183.4583 -27.7500 57.5310
183.4839 -27.6500 57.4806
183.4957 -27.6000 57.4204
183.5076 -27.5500 57.3798
183.5305 -27.4500 57.3197
183.5411 -27.4000 57.2498
183.5514 -27.3500 57.1800
183.5725 -27.2500 57.0112
183.5824 -27.2000 57.0112
183.5918 -27.1500 56.9221
183.6103 -27.0500 56.6956
183.6194 -27.0000 56.5682
183.6280 -26.9500 56.4984
183.6441 -26.8500 56.2754
183.6518 -26.8000 55.9812
183.6599 -26.7500 55.9554
183.6750 -26.6500 55.6069
183.6821 -26.6000 55.4207
183.6890 -26.5500 55.4739
183.7000 -26.4645 55.1772
183.7086 -26.4000 55.0248
183.7148 -26.3500 54.8916
183.7264 -26.2500 54.4986
183.7319 -26.2000 54.6821
183.7372 -26.1500 54.3524
183.7482 -26.0500 54.2727
183.7545 -26.0000 54.4761
183.7618 -25.9500 54.2838
183.7794 -25.8500 54.6731
183.7903 -25.8000 54.7363
183.8034 -25.7500 54.7175
183.8383 -25.6500 53.7472
183.8604 -25.6000 51.2620
183.9000 -25.5263 49.7820
183.9500 -25.4502 44.7165
183.9890 -25.4000 44.3534
184.0500 -25.3286 44.8368
184.1000 -25.2742 47.4931
184.1693 -25.2000 47.4931
184.2138 -25.1500 47.3357
184.2929 -25.0500 46.9854
184.3266 -25.0000 48.8604
184.3560 -24.9500 48.8190
184.4000 -24.8590 50.4277
184.4234 -24.8000 50.6460
184.4400 -24.7500 50.7458
184.4672 -24.6500 51.7712
184.4784 -24.6000 51.2314
184.4883 -24.5500 51.7712
184.5058 -24.4500 51.6808
184.5138 -24.4000 51.5827
184.5214 -24.3500 51.5827
184.5356 -24.2500 51.4388
184.5423 -24.2000 51.4388
184.5500 -24.1385 51.4854
184.5603 -24.0500 51.3479
184.5652 -24.0000 51.3479
184.5692 -23.9500 51.3479
184.5740 -23.8500 51.4854
184.5747 -23.8000 51.4854
184.5741 -23.7500 51.4854
184.5697 -23.6500 51.4854
184.5663 -23.6000 51.4212
184.5626 -23.5500 51.3748
184.5559 -23.4500 51.2949
184.5540 -23.4000 51.3032
184.5537 -23.3500 51.1018
184.5597 -23.2500 52.1058
184.5662 -23.2000 52.9959
184.5752 -23.1500 53.6272
184.5999 -23.0500 53.3084
184.6163 -23.0000 54.1824
184.6343 -22.9500 55.1197
184.6753 -22.8500 55.6189
184.6972 -22.8000 55.8707
184.7211 -22.7500 55.8856
184.7700 -22.6500 55.6915
184.7950 -22.6000 56.3522
184.8209 -22.5500 56.5432
184.8729 -22.4500 56.3914
184.8986 -22.4000 56.6783
184.9255 -22.3500 55.8255
184.9785 -22.2500 56.4260
185.0047 -22.2000 55.5579
185.0317 -22.1500 56.2149
185.0850 -22.0500 55.9204
185.1116 -22.0000 54.7540
185.1500 -21.9274 55.3238
185.1912 -21.8500 55.0861
185.2177 -21.8000 54.8402
185.2500 -21.7374 54.0586
185.2953 -21.6500 54.1146
185.3211 -21.6000 53.1442
185.3500 -21.5416 53.3302
185.3955 -21.4500 53.0468
185.4202 -21.4000 52.7123
185.4500 -21.3372 52.0037
185.4918 -21.2500 51.2511
185.5155 -21.2000 51.2506
185.5500 -21.1259 50.4819
185.5860 -21.0500 49.7311
185.6093 -21.0000 48.8625
185.6330 -20.9500 49.2517
185.6801 -20.8500 48.4065
185.7032 -20.8000 47.4967
185.7272 -20.7500 47.4967
185.7741 -20.6500 46.5496
185.7968 -20.6000 45.5376
185.8203 -20.5500 46.1130
185.8500 -20.4833 45.5048
185.8872 -20.4000 45.5048
185.9086 -20.3500 44.8701
185.9497 -20.2500 44.8701
185.9701 -20.2000 44.3011
186.0000 -20.1201 43.9133
186.0260 -20.0500 44.5403
186.0430 -20.0000 44.5403
186.0598 -19.9500 44.3548
186.0916 -19.8500 44.1633
186.1068 -19.8000 44.0009
186.1219 -19.7500 43.4436
186.1500 -19.6500 47.3480
186.1645 -19.6000 43.5392
186.1785 -19.5500 43.3731
186.2000 -19.4701 43.0502
186.2200 -19.4000 42.8731
186.2339 -19.3500 42.6769
186.2621 -19.2500 42.0696
186.2766 -19.2000 42.0717
186.3000 -19.1184 41.5418
186.3210 -19.0500 41.2555
285.8175 -40.2500 49.5297
285.8258 -40.1000 50.9344
285.8394 -39.9000 51.4780
285.8525 -39.7500 52.1330
285.8676 -39.6000 52.4754
285.8908 -39.4000 52.8490
285.9088 -39.2500 53.0945
285.9326 -39.0500 53.2840
285.9507 -38.9000 53.3443
285.9693 -38.7500 53.9611
285.9975 -38.5500 53.4833
286.0214 -38.4000 53.8130
286.0500 -38.2374 53.5334
286.0838 -38.0500 53.4490
286.1104 -37.9000 52.8502
286.1440 -37.7000 52.5812
286.1685 -37.5500 52.1270
286.2000 -37.3646 51.6019
286.2301 -37.2000 51.1941
286.2605 -37.0500 50.7301
286.3057 -36.8500 50.2034
286.3434 -36.7000 49.9000
286.4000 -36.5009 49.5842
286.4492 -36.3500 49.7183
286.5052 -36.2000 49.1995
286.5934 -36.0000 49.4862
286.6705 -35.8500 49.4862
286.7879 -35.6500 49.0200
286.8842 -35.5000 48.7065
287.0000 -35.3265 47.9985
287.1166 -35.1500 46.1533
287.2116 -35.0000 43.5380
287.3300 -34.8000 37.5781
288.0211 -31.4000 41.0761
288.0320 -31.2500 41.8040
288.0429 -31.1000 42.3231
288.0573 -30.9000 43.7647
288.0682 -30.7500 44.4154
288.0841 -30.5500 45.4059
288.0974 -30.4000 46.1426
288.1115 -30.2500 46.8409
288.1326 -30.0500 47.5199
288.1508 -29.9000 48.1850
288.1770 -29.7000 47.7462
288.2001 -29.5500 47.7873
288.2257 -29.4000 47.7873
288.2665 -29.2000 47.7462
288.3028 -29.0500 47.7462
288.3500 -28.8785 47.5046
288.4046 -28.7000 46.2321
288.4536 -28.5500 47.0532
288.5199 -28.3500 47.5420
288.5686 -28.2000 51.0352
288.6296 -28.0000 53.4445
288.6716 -27.8500 54.7814
288.7103 -27.7000 55.1551
288.7569 -27.5000 54.6011
288.7887 -27.3500 53.8638
288.8278 -27.1500 52.6374
288.8555 -27.0000 49.3442
288.8808 -26.8500 47.1230
288.9116 -26.6500 44.7582
288.9311 -26.5000 44.7653
288.9500 -26.3148 46.2865
288.9598 -26.1500 46.8828
288.9629 -26.0000 46.9367
288.9597 -25.8000 47.0139
288.9540 -25.6500 47.0922
288.9465 -25.4500 47.0568
288.9439 -25.3000 47.0568
288.9456 -25.1500 47.0568
288.9553 -24.9500 47.0568
288.9680 -24.8000 46.5324
288.9915 -24.6000 47.0142
289.0126 -24.4500 46.8984
289.0357 -24.3000 46.7217
289.0674 -24.1000 45.7907
289.0903 -23.9500 45.2930
289.1181 -23.7500 45.4495
289.1368 -23.6000 45.3604
289.1539 -23.4500 45.4119
289.1747 -23.2500 44.5217
289.1902 -23.1000 44.8622
289.2109 -22.9000 44.5397
289.2264 -22.7500 44.4846
289.2416 -22.6000 44.5526
289.2592 -22.4000 43.1028
289.2694 -22.2500 41.5961
289.2781 -22.0500 39.9393
289.2813 -21.9000 38.8227
289.2823 -21.7500 38.3551
289.2813 -21.5500 37.8279
289.2789 -21.4000 37.6153
289.2725 -21.2000 37.2328
289.2639 -21.0500 38.1270
289.2500 -20.8900 39.3203
289.2254 -20.7000 41.7013
289.2000 -20.5480 42.7527
289.1586 -20.3500 42.5418
289.1217 -20.2000 41.6829
289.0804 -20.0500 40.5531
289.0184 -19.8500 39.8034
288.9666 -19.7000 39.3689
288.9000 -19.5248 38.5674
288.8263 -19.3500 38.2259
288.7500 -19.1841 38.2766
288.6566 -19.0000 38.5117
288.5722 -18.8500 39.3685
288.4500 -18.6591 44.3513
288.3304 -18.5000 47.2124
288.2000 -18.3497 50.6480
288.0000 -18.1511 51.8786
287.8307 -18.0000 52.7375
287.6000 -17.8061 53.8543
287.4070 -17.6500 55.0762
287.2000 -17.4885 55.7182
286.9500 -17.3022 59.8611
286.7352 -17.1500 58.4073
286.4500 -16.9535 56.7937
286.2288 -16.8000 60.4996
286.0000 -16.6360 56.9237
285.7506 -16.4500 60.7763
285.5500 -16.2975 62.0975
285.3000 -16.1043 62.9101
285.1060 -15.9500 63.0519
282.6036 -13.0500 49.7047
282.4824 -12.9000 48.5178
282.3500 -12.7390 47.3813
282.1948 -12.5500 46.4827
282.0500 -12.3660 45.9163
281.9284 -12.2000 46.4827
281.8267 -12.0500 46.4827
281.7002 -11.8500 47.6493
281.6081 -11.7000 45.2406
281.5000 -11.5240 45.1834
281.4000 -11.3646 47.3367
281.2939 -11.2000 51.9642
281.1608 -11.0000 54.0713
281.0577 -10.8500 55.2079
280.9500 -10.6983 55.8361
280.8044 -10.5000 55.9236
280.6938 -10.3500 55.9189
280.5515 -10.1500 55.9087
280.4509 -10.0000 56.1863
280.3500 -9.8404 56.0968
280.2373 -9.6500 56.1863
280.1500 -9.4912 56.2127
280.0524 -9.3000 56.2703
279.9812 -9.1500 56.2381
279.9000 -8.9667 56.0828
279.8283 -8.8000 56.0212
279.7645 -8.6500 56.0008
279.6788 -8.4500 54.6212
279.6139 -8.3000 55.4777
279.5490 -8.1500 55.3136
279.4622 -7.9500 55.1701
279.3976 -7.8000 55.1631
279.3113 -7.6000 55.2087
279.2471 -7.4500 55.4857
279.1831 -7.3000 55.5729
279.1008 -7.1000 55.7379
279.0416 -6.9500 55.9342
278.9682 -6.7500 56.1025
278.9177 -6.6000 55.7379
278.8714 -6.4500 55.9226
278.8170 -6.2500 55.7648
278.7822 -6.1000 55.5863
278.7500 -5.9316 54.1186
278.7225 -5.7500 54.8129
278.7064 -5.6000 54.6265
278.6923 -5.4000 53.8865
278.6865 -5.2500 52.7108
278.6846 -5.0500 51.0399
278.6870 -4.9000 51.0399
278.6927 -4.7500 51.0399
278.7049 -4.5500 52.7108
278.7174 -4.4000 51.6445
278.7387 -4.2000 51.6445
278.7578 -4.0500 51.9814
278.7791 -3.9000 51.9814
278.8119 -3.7000 51.0020
278.8394 -3.5500 51.0020
278.8797 -3.3500 51.5498
278.9119 -3.2000 52.7199
278.9500 -3.0221 54.2829
278.9836 -2.8500 56.0449
279.0091 -2.7000 57.6547
279.0359 -2.5000 59.1620
279.0519 -2.3500 58.1113
279.0653 -2.2000 57.2221
279.0838 -2.0000 54.3490
279.1004 -1.8500 53.8867
279.1268 -1.6500 53.8867
279.1515 -1.5000 55.6168
279.1790 -1.3500 53.8867
279.2209 -1.1500 50.5030
279.2558 -1.0000 52.3924
279.3000 -0.8244 51.3249
279.3476 -0.6500 52.3924
279.4000 -0.4754 47.8928
279.4572 -0.3000 47.8928
279.5103 -0.1500 46.4156
279.5869 0.0500 44.7987
279.6485 0.2000 44.7987
279.7127 0.3500 42.2089
279.8000 0.5422 41.4106
279.8755 0.7000 39.5333
279.9795 0.9000 38.2036
280.0645 1.0500 37.9289
280.1564 1.2000 36.8730
280.2890 1.4000 34.7079
280.4000 1.5549 34.1185
280.5491 1.7500 32.3976
280.6705 1.9000 29.5375
280.8000 2.0520 27.4592
280.9758 2.2500 25.7945
281.1133 2.4000 25.9995
281.2958 2.6000 29.8486
281.4249 2.7500 32.6594
281.5500 2.9086 35.8679
281.6833 3.1000 38.9393
281.7771 3.2500 39.6126
281.8921 3.4500 41.2619
281.9716 3.6000 41.6174
282.0500 3.7569 41.9528
282.1383 3.9500 42.6113
282.2021 4.1000 43.0277
282.2804 4.3000 43.7039
282.3350 4.4500 44.1976
282.3856 4.6000 45.0020
282.4465 4.8000 46.2429
282.4862 4.9500 49.6538
282.5315 5.1500 51.0453
282.5593 5.3000 56.6366
282.5810 5.4500 57.4288
282.6000 5.6377 58.7600
282.6076 5.8000 57.3190
282.6056 6.0000 57.0772
275.8557 9.0500 60.6635
275.8000 9.0847 60.3190
275.7500 9.1163 59.3293
275.6500 9.1801 60.3621
275.6000 9.2125 58.7948
275.5430 9.2500 60.4262
275.4671 9.3000 59.3101
275.4000 9.3446 60.9564
275.3500 9.3774 61.3134
275.2500 9.4421 63.0133
275.2000 9.4729 64.0868
275.1500 9.5030 65.6483
275.0500 9.5583 67.6388
274.9673 9.6000 68.5937
274.8611 9.6500 69.5846
274.8000 9.6780 69.2559
274.7000 9.7257 69.8008
274.6000 9.7786 69.5027
274.5500 9.8082 69.5027
274.4853 9.8500 69.5027
274.4156 9.9000 70.0557
274.3528 9.9500 69.7830
274.3000 9.9954 69.7830
274.2500 10.0411 69.9852
274.2000 10.0893 70.1074
274.1500 10.1397 69.9172
274.1401 10.1500 69.9172
274.0928 10.2000 70.1908
274.0472 10.2500 69.9466
274.0032 10.3000 69.9761
273.9604 10.3500 70.3043
273.9500 10.3624 70.3043
273.9000 10.4234 70.1645
273.8785 10.4500 70.1503
273.8389 10.5000 70.2671
273.7995 10.5500 68.5146
273.7593 10.6000 67.8680
273.7181 10.6500 71.0931
273.7000 10.6715 72.1959
273.6500 10.7290 72.7784
273.6000 10.7834 73.6045
273.5842 10.8000 73.7143
273.5348 10.8500 73.2817
273.4830 10.9000 73.6364
273.4290 10.9500 74.4935
273.4000 10.9762 74.5298
273.3500 11.0206 74.6594
273.3000 11.0646 74.1194
273.2500 11.1084 74.6485
273.2000 11.1524 74.5812
273.1461 11.2000 74.4946
273.0902 11.2500 74.3989
273.0500 11.2863 74.2523
273.0000 11.3318 73.9464
272.9500 11.3775 73.5232
272.9000 11.4229 73.2887
272.8500 11.4678 73.6796
272.8000 11.5118 73.9676
272.7557 11.5500 73.8594
272.7000 11.5962 73.6554
272.6500 11.6360 73.3323
272.6000 11.6745 72.9901
272.5500 11.7120 72.0506
272.4500 11.7826 70.9954
272.4000 11.8159 68.9981
272.3473 11.8500 69.7009
272.2638 11.9000 68.9132
272.2000 11.9355 66.5492
272.1000 11.9873 66.9877
272.0000 12.0351 65.9521
271.9000 12.0801 64.8460
271.8000 12.1237 63.9118
271.7400 12.1500 64.5758
271.6238 12.2000 64.7055
271.5080 12.2500 65.2959
271.4000 12.2967 65.6026
271.3000 12.3400 65.9182
271.2000 12.3834 66.1078
271.1000 12.4266 66.0074
271.0000 12.4695 65.1849
270.9287 12.5000 65.3322
270.8092 12.5500 64.1878
270.7000 12.5943 63.8913
270.6000 12.6337 63.9534
270.5000 12.6723 64.6697
270.3500 12.7292 65.1621
270.2500 12.7671 65.8312
270.1500 12.8050 66.2239
270.0295 12.8500 66.5484
269.9000 12.8975 66.9433
269.8000 12.9335 67.1697
269.6500 12.9884 66.8771
269.5500 13.0258 67.2732
269.4500 13.0647 67.2608
269.3500 13.1051 67.2005
269.2431 13.1500 67.2871
269.1277 13.2000 67.3585
269.0500 13.2342 67.3303
268.9500 13.2793 67.2577
268.8500 13.3249 67.0183
268.7500 13.3707 66.9686
268.6500 13.4166 66.7168
268.5500 13.4624 66.6334
268.4681 13.5000 66.3527
268.3584 13.5500 66.9494
268.3000 13.5763 66.9029
268.2000 13.6219 67.1291
268.1000 13.6679 66.8171
268.0000 13.7146 66.4360
267.9000 13.7626 66.9152
267.8247 13.8000 67.4821
267.7264 13.8500 66.3168
267.6500 13.8899 67.5278
267.5500 13.9436 67.4108
267.5000 13.9708 66.9696
267.4000 14.0261 67.2014
267.3500 14.0542 67.0358
267.2500 14.1100 66.2954
267.1785 14.1500 66.4123
267.1000 14.1937 65.5929
267.0000 14.2494 65.1623
266.9500 14.2770 66.0985
266.8500 14.3325 64.8325
266.8000 14.3601 64.6404
266.7000 14.4147 64.5145
266.6344 14.4500 63.6057
266.5500 14.4945 59.4808
266.4500 14.5464 59.1703
266.4000 14.5721 61.8007
266.3000 14.6244 59.4613
266.2000 14.6781 60.1651
266.1500 14.7058 60.4040
266.0500 14.7622 60.1982
265.9851 14.8000 58.9659
265.9005 14.8500 57.5508
265.8500 14.8798 58.1987
265.7500 14.9401 56.5098
265.7000 14.9704 56.3581
265.6000 15.0319 56.6558
265.5500 15.0633 56.6239
265.4926 15.1000 56.8485
265.4153 15.1500 56.7228
265.3500 15.1929 56.9584
265.3000 15.2259 56.7138
265.2000 15.2923 57.9671
265.1500 15.3246 58.0053
265.1000 15.3567 56.8589
265.0296 15.4000 55.9923
264.9438 15.4500 53.3094
264.8513 15.5000 51.2346
264.8000 15.5256 48.3441
264.7000 15.5728 44.5814
262.5500 16.0198 54.2518
262.4500 16.0518 56.2144
262.3016 16.1000 59.3796
262.1500 16.1494 60.4955
262.0500 16.1823 62.8651
261.9000 16.2345 63.2412
261.8000 16.2721 64.1823
261.7000 16.3121 64.7184
261.6000 16.3538 65.7128
261.4898 16.4000 65.1633
261.3687 16.4500 67.2770
261.2500 16.4987 67.7484
261.1500 16.5409 67.2364
261.0500 16.5857 67.8393
261.0000 16.6093 66.7241
260.9000 16.6588 67.7877
260.8000 16.7109 67.2583
260.7262 16.7500 67.5301
260.6500 16.7902 66.4347
260.5500 16.8413 66.3902
260.4500 16.8896 66.9533
260.4000 16.9126 66.9152
260.3000 16.9571 66.1613
260.2000 17.0004 66.9677
260.0836 17.0500 66.5035
259.9658 17.1000 66.8918
259.8500 17.1489 66.2441
259.7500 17.1907 66.5076
259.6500 17.2317 66.5816
259.5500 17.2715 66.5613
259.4500 17.3096 66.8565
259.3000 17.3628 67.6814
259.1825 17.4000 69.1901
259.0000 17.4487 72.3006
258.8500 17.4825 72.2428
258.6500 17.5275 71.8740
258.4500 17.5791 70.9382
258.3000 17.6220 68.8671
258.1500 17.6668 66.0306
258.0423 17.7000 61.9143
235.9387 40.1500 51.5892
235.9387 40.1500 51.5892
235.9387 40.1500 51.5892
235.9500 40.1745 51.3731
235.9615 40.2000 51.2006
235.9838 40.2500 51.0990
235.9838 40.2500 51.0990
236.0053 40.3000 51.1451
236.0250 40.3500 52.7623
236.0250 40.3500 52.7623
236.0428 40.4000 53.5137
236.0500 40.4233 53.7277
236.0578 40.4500 52.4576
236.0698 40.5000 54.3530
236.0788 40.5500 55.4234
236.0788 40.5500 55.4234
236.0846 40.6000 54.1275
236.0871 40.6500 55.3253
236.0871 40.6500 55.3253
236.0863 40.7000 55.7217
236.0824 40.7500 55.9469
236.0824 40.7500 55.9469
236.0755 40.8000 56.3453
236.0661 40.8500 56.7457
236.0661 40.8500 56.7457
236.0544 40.9000 57.2197
236.0404 40.9500 57.8973
236.0404 40.9500 57.8973
236.0248 41.0000 58.7431
236.0083 41.0500 60.0657
236.0000 41.0742 59.7122
235.9909 41.1000 60.2152
235.9733 41.1500 61.0423
235.9733 41.1500 61.0423
235.9562 41.2000 60.7131
235.9500 41.2192 61.2145
235.9397 41.2500 61.5091
235.9243 41.3000 60.7131
235.9106 41.3500 60.7131
235.9106 41.3500 60.7131
235.8985 41.4000 60.7131
235.8879 41.4500 60.7131
235.8879 41.4500 60.7131
235.8791 41.5000 61.0423
235.8721 41.5500 61.0423
235.8721 41.5500 61.0423
235.8666 41.6000 61.0423
235.8624 41.6500 61.0423
235.8624 41.6500 61.0423
235.8592 41.7000 61.5091
235.8570 41.7500 61.5091
235.8570 41.7500 61.5091
235.8554 41.8000 61.9608
235.8542 41.8500 62.3877
235.8542 41.8500 62.3877
235.8532 41.9000 62.7704
235.8525 41.9500 63.1081
235.8525 41.9500 63.1081
235.8517 42.0000 63.4190
235.8509 42.0500 63.1042
235.8509 42.0500 63.1042
235.8500 42.1000 63.6836
235.8491 42.1500 64.1004
235.8491 42.1500 64.1004
235.8480 42.2000 64.2425
235.8469 42.2500 64.3560
235.8469 42.2500 64.3560
235.8459 42.3000 64.4408
235.8448 42.3500 64.3236
235.8448 42.3500 64.3236
235.8438 42.4000 64.5529
235.8428 42.4500 64.5994
235.8428 42.4500 64.5994
235.8419 42.5000 64.6363
235.8410 42.5500 64.6637
235.8410 42.5500 64.6637
235.8400 42.6000 64.7102
235.8388 42.6500 64.7471
235.8388 42.6500 64.7471
235.8372 42.7000 63.6682
235.8352 42.7500 64.9154
235.8352 42.7500 64.9154
235.8324 42.8000 65.0661
235.8288 42.8500 65.1510
235.8288 42.8500 65.1510
235.8240 42.9000 65.3113
235.8179 42.9500 65.4717
235.8179 42.9500 65.4717
235.8104 43.0000 65.6033
235.8013 43.0500 65.7253
235.8000 43.0562 64.3116
235.7905 43.1000 64.3994
235.7783 43.1500 66.0175
235.7783 43.1500 66.0175
235.7649 43.2000 66.2070
235.7505 43.2500 66.3115
235.7500 43.2517 65.0151
235.7357 43.3000 66.4257
235.7211 43.3500 65.2034
235.7211 43.3500 65.2034
235.7072 43.4000 66.5302
235.7000 43.4287 66.5302
235.6947 43.4500 65.2034
235.6840 43.5000 66.4257
235.6754 43.5500 65.0151
235.6754 43.5500 65.0151
235.6691 43.6000 66.3115
235.6651 43.6500 66.2070
235.6651 43.6500 66.2070
235.6632 43.7000 66.2070
235.6633 43.7500 66.2070
235.6633 43.7500 66.2070
235.6649 43.8000 66.2070
235.6676 43.8500 65.6330
235.6676 43.8500 65.6330
235.6712 43.9000 66.3115
235.6751 43.9500 66.4257
235.6751 43.9500 66.4257
235.6791 44.0000 65.6909
235.6828 44.0500 66.7297
235.6828 44.0500 66.7297
235.6861 44.1000 66.8150
235.6888 44.1500 66.9468
235.6888 44.1500 66.9468
235.6907 44.2000 66.9933
235.6918 44.2500 67.0088
235.6918 44.2500 67.0088
235.6919 44.3000 65.8022
235.6912 44.3500 66.8877
235.6912 44.3500 66.8877
235.6894 44.4000 66.6925
235.6867 44.4500 66.5763
235.6867 44.4500 66.5763
235.6832 44.5000 66.3262
235.6787 44.5500 66.4562
235.6787 44.5500 66.4562
235.6735 44.6000 65.9642
235.6677 44.6500 64.6241
235.6677 44.6500 64.6241
235.6614 44.7000 65.7002
235.6547 44.7500 65.6159
235.6547 44.7500 65.6159
235.6478 44.8000 65.4947
235.6411 44.8500 64.2468
235.6411 44.8500 64.2468
235.6346 44.9000 65.4018
235.6287 44.9500 65.2722
235.6287 44.9500 65.2722
235.6234 45.0000 65.2722
235.6191 45.0500 65.2722
235.6191 45.0500 65.2722
235.6158 45.1000 65.2722
235.6137 45.1500 65.2722
235.6137 45.1500 65.2722
235.6129 45.2000 66.0671
235.6135 45.2500 66.0671
235.6135 45.2500 66.0671
235.6154 45.3000 66.0671
235.6187 45.3500 66.0671
235.6187 45.3500 66.0671
235.6233 45.4000 65.1432
235.6291 45.4500 65.1432
235.6291 45.4500 65.1432
235.6361 45.5000 65.1432
235.6441 45.5500 65.8704
235.6500 45.5831 65.6478
235.6530 45.6000 65.5368
235.6627 45.6500 65.6478
235.6627 45.6500 65.6478
235.6729 45.7000 65.4424
235.6834 45.7500 65.1176
235.6834 45.7500 65.1176
235.6940 45.8000 64.8194
235.7000 45.8286 64.2332
235.7045 45.8500 64.5055
235.7147 45.9000 63.7857
235.7242 45.9500 63.5576
235.7242 45.9500 63.5576
235.7331 46.0000 62.9382
235.7410 46.0500 62.5320
235.7410 46.0500 62.5320
235.7478 46.1000 62.0261
235.7500 46.1195 61.8561
235.7534 46.1500 61.5014
235.7578 46.2000 61.0176
235.7607 46.2500 60.5404
235.7607 46.2500 60.5404
235.7623 46.3000 60.0530
235.7624 46.3500 59.5559
235.7624 46.3500 59.5559
235.7611 46.4000 58.6748
235.7584 46.4500 58.5271
235.7584 46.4500 58.5271
235.7542 46.5000 57.9966
235.7500 46.5372 57.6993
235.7485 46.5500 57.4278
235.7413 46.6000 56.8227
235.7326 46.6500 53.6157
235.7326 46.6500 53.6157
235.7224 46.7000 52.8576
235.7107 46.7500 53.9339
235.7107 46.7500 53.9339
235.6972 46.8000 50.3490
235.6820 46.8500 46.4982
235.6820 46.8500 46.4982
235.6651 46.9000 47.5382
235.6500 46.9404 45.3653
235.6463 46.9500 47.0286
235.6254 47.0000 46.8230
235.6026 47.0500 49.4859
235.6000 47.0552 49.4859
235.5774 47.1000 52.5075
235.5500 47.1498 51.5150
235.5499 47.1500 55.1836
235.5199 47.2000 56.7159
235.5000 47.2308 57.0375
235.4874 47.2500 57.3261
235.4523 47.3000 56.9924
235.4148 47.3500 56.3210
235.4000 47.3687 56.3135
235.3750 47.4000 55.6562
235.3500 47.4299 55.1475
235.3332 47.4500 54.9831
235.2898 47.5000 54.4159
235.2500 47.5448 54.0844
235.2454 47.5500 53.7844
235.2004 47.6000 54.5791
235.1555 47.6500 54.0612
235.1500 47.6560 53.6666
235.1109 47.7000 53.3191
235.0670 47.7500 54.0525
235.0500 47.7695 53.3191
235.0240 47.8000 54.0525
235.0000 47.8284 54.1432
234.9820 47.8500 54.1432
234.9411 47.9000 54.1432
234.9011 47.9500 54.4547
234.9000 47.9514 54.4547
234.8622 48.0000 54.5774
234.8239 48.0500 54.7883
234.8000 48.0814 54.7883
234.7860 48.1000 55.2190
234.7500 48.1476 54.9642
234.7482 48.1500 55.7035
234.7104 48.2000 56.2428
234.6722 48.2500 56.9431
234.6500 48.2785 57.3447
234.6333 48.3000 56.3585
234.6000 48.3417 55.3172
234.5934 48.3500 51.9679
123.4500 23.8645 59.3579
123.4500 23.8645 59.3579
123.4500 23.8645 59.3579
123.4500 23.8645 59.3579
123.1000 23.9212 60.1303
123.0060 23.9500 59.5587
122.9000 23.9860 58.3430
124.1000 24.0045 59.2436
124.5500 24.1283 57.9748
124.9000 24.1599 55.1823
126.1500 24.7520 59.0670
126.6500 25.0952 61.6107
126.7000 25.1316 61.7433
126.7246 25.1500 61.7657
126.7500 25.1693 61.7657
126.8000 25.2082 61.8197
126.8500 25.2481 62.0190
126.9000 25.2885 62.2759
126.9141 25.3000 62.2759
126.9500 25.3295 62.3926
126.9750 25.3500 62.3624
127.0356 25.4000 62.5332
127.0500 25.4119 62.8635
127.0962 25.4500 62.6946
127.1500 25.4942 63.0326
127.1570 25.5000 62.9811
127.2000 25.5353 63.1848
127.2500 25.5767 63.1878
127.2779 25.6000 63.3249
127.3000 25.6185 63.2230
127.3500 25.6611 63.3154
127.3948 25.7000 62.9043
127.4000 25.7045 63.1782
127.4514 25.7500 63.3183
127.5000 25.7937 63.1547
127.5069 25.8000 63.1547
127.5500 25.8396 63.1235
127.6000 25.8864 63.2421
127.6144 25.9000 62.9531
127.6500 25.9339 63.1090
127.6667 25.9500 63.1089
127.7000 25.9820 62.6400
127.7500 26.0306 62.3221
127.7698 26.0500 62.7178
127.8000 26.0795 61.9142
127.8209 26.1000 62.4937
127.8718 26.1500 62.2878
127.9000 26.1776 61.5354
127.9228 26.2000 61.8421
127.9500 26.2266 61.7575
127.9739 26.2500 60.9823
128.0251 26.3000 61.9264
128.0500 26.3241 61.6690
128.0766 26.3500 61.9387
128.1000 26.3725 60.6426
128.1283 26.4000 60.6470
128.1801 26.4500 61.9599
128.2000 26.4690 62.1900
128.2322 26.5000 62.2913
128.2500 26.5170 61.5181
128.3000 26.5648 62.5754
128.3367 26.6000 62.6744
128.3500 26.6125 62.6744
128.3893 26.6500 62.4912
128.4422 26.7000 63.0482
128.4500 26.7072 63.0482
128.4956 26.7500 63.1155
128.5000 26.7541 63.1155
128.5496 26.8000 62.2527
128.6000 26.8459 63.1927
128.6044 26.8500 62.7395
128.6500 26.8909 62.6388
128.7000 26.9352 62.5245
128.7167 26.9500 63.0702
128.7500 26.9790 62.4030
128.7740 27.0000 62.3581
128.8319 27.0500 62.4752
128.8500 27.0656 62.8564
128.8899 27.1000 62.5605
128.9478 27.1500 62.5477
128.9500 27.1519 62.5938
129.0000 27.1955 62.5917
129.0500 27.2400 62.4819
129.0611 27.2500 62.4819
129.1000 27.2855 61.9864
129.1156 27.3000 62.4602
129.1500 27.3324 62.3452
129.2000 27.3809 62.3570
129.2191 27.4000 62.3570
129.2500 27.4314 62.3592
129.2679 27.4500 62.3592
129.3000 27.4841 62.2274
129.3500 27.5392 62.2274
129.3595 27.5500 62.2274
129.4000 27.5971 62.0707
129.4025 27.6000 62.2274
129.4437 27.6500 62.2993
129.4500 27.6579 62.2993
129.4833 27.7000 62.0707
129.5000 27.7216 61.3123
129.5216 27.7500 61.3123
129.5500 27.7879 61.6326
129.5589 27.8000 61.6326
129.5953 27.8500 61.5487
129.6312 27.9000 61.1930
129.6312 27.9000 61.1930
129.6667 27.9500 61.3522
129.6667 27.9500 61.3522
129.7022 28.0000 61.5012
129.7379 28.0500 61.5098
129.7500 28.0668 61.1970
129.7740 28.1000 61.4908
129.8000 28.1357 61.8269
129.8105 28.1500 61.8412
129.8477 28.2000 61.2502
129.8500 28.2031 61.0197
129.8857 28.2500 60.8442
129.9000 28.2686 60.7169
129.9245 28.3000 60.3415
129.9500 28.3322 60.2294
129.9642 28.3500 59.9130
130.0000 28.3939 59.4720
130.0050 28.4000 59.1311
130.0469 28.4500 58.2011
130.0900 28.5000 57.4980
130.1000 28.5114 57.0195
130.1344 28.5500 55.7024
130.1500 28.5673 55.9774
130.1800 28.6000 55.5486
130.2000 28.6217 55.0431
130.2266 28.6500 54.0948
130.2740 28.7000 54.1998
130.3000 28.7272 53.8985
130.3219 28.7500 53.0251
130.3500 28.7794 53.4420
130.3698 28.8000 53.6940
130.4000 28.8320 53.3788
130.4500 28.8855 52.8460
130.4634 28.9000 53.5196
130.5000 28.9408 53.5583
130.5082 28.9500 53.5583
130.5500 28.9985 53.6340
130.5513 29.0000 53.5583
130.5926 29.0500 53.5806
130.6322 29.1000 53.6205
130.6322 29.1000 53.6205
130.6702 29.1500 53.6340
130.6702 29.1500 53.6340
130.7068 29.2000 53.1020
130.7423 29.2500 53.7979
130.7500 29.2610 53.0056
130.7770 29.3000 54.0502
130.8000 29.3338 53.2510
130.8111 29.3500 53.2510
130.8447 29.4000 53.5158
130.8500 29.4079 53.5158
130.8782 29.4500 54.5709
130.9000 29.4827 55.3131
130.9116 29.5000 55.0157
130.9449 29.5500 55.7525
130.9500 29.5577 55.3805
130.9783 29.6000 56.2124
131.0000 29.6327 55.4597
131.0116 29.6500 55.4597
131.0446 29.7000 56.2413
131.0500 29.7081 56.2413
131.0776 29.7500 56.7038
131.1000 29.7845 57.0143
131.1100 29.8000 57.7615
131.1421 29.8500 57.6808
131.1500 29.8624 57.6808
131.1739 29.9000 58.0935
131.1739 29.9000 58.0935
131.2051 29.9500 58.7262
131.2363 30.0000 58.9950
131.2363 30.0000 58.9950
131.2673 30.0500 59.1396
131.2673 30.0500 59.1396
131.2983 30.1000 59.0417
131.3297 30.1500 59.3372
131.3297 30.1500 59.3372
131.3500 30.1823 58.9234
131.3613 30.2000 59.2763
131.3933 30.2500 59.1908
131.4000 30.2603 58.5909
131.4260 30.3000 58.8402
131.4500 30.3365 58.0845
131.4590 30.3500 58.3450
131.4924 30.4000 57.8922
131.5000 30.4114 57.3606
131.5261 30.4500 57.5446
131.5500 30.4854 57.0789
131.5599 30.5000 56.3684
131.5936 30.5500 55.2864
131.6272 30.6000 55.9882
131.6272 30.6000 55.9882
131.6500 30.6343 54.9438
131.6604 30.6500 55.2019
131.6931 30.7000 54.7354
131.7000 30.7107 54.7354
131.7252 30.7500 53.9535
131.7500 30.7897 54.0463
131.7564 30.8000 54.0463
131.7868 30.8500 52.9783
131.8000 30.8724 53.3206
131.8162 30.9000 53.3206
131.8445 30.9500 53.2216
131.8500 30.9602 52.4939
131.8716 31.0000 52.4939
131.8974 31.0500 52.5940
131.9000 31.0552 52.5940
131.9222 31.1000 52.5940
131.9222 31.1000 52.5940
131.9458 31.1500 51.8265
131.9686 31.2000 51.7453
131.9686 31.2000 51.7453
131.9905 31.2500 51.0574
132.0000 31.2723 50.4803
132.0120 31.3000 50.2726
132.0333 31.3500 49.4888
132.0333 31.3500 49.4888
132.0500 31.3895 48.7140
132.0546 31.4000 48.7140
132.0765 31.4500 47.1933
132.0988 31.5000 46.4481
132.1000 31.5026 45.6371
132.1226 31.5500 45.0734
132.1226 31.5500 45.0734
132.1471 31.6000 43.8030
132.1736 31.6500 42.9549
132.1736 31.6500 42.9549
132.2000 31.6985 42.7109
132.2008 31.7000 42.6017
132.2304 31.7500 42.8032
132.2500 31.7827 43.2647
132.2609 31.8000 43.3712
132.2928 31.8500 43.8580
132.3000 31.8611 44.4461
132.3263 31.9000 45.3808
132.3500 31.9351 46.0195
132.3606 31.9500 46.0195
132.3958 32.0000 48.0484
132.4000 32.0059 48.3709
132.4326 32.0500 48.2369
132.4500 32.0738 50.8361
132.4702 32.1000 51.1114
132.5000 32.1390 52.3819
132.5089 32.1500 52.3819
132.5491 32.2000 52.3819
132.5917 32.2500 57.9278
132.6000 32.2597 59.9527
132.6366 32.3000 61.1350
132.6500 32.3146 62.1342
132.6844 32.3500 63.0451
132.7000 32.3659 63.9035
132.7500 32.4138 65.4263
132.7901 32.4500 66.0490
132.8000 32.4588 65.3757
333.4935 -60.2000 66.7060
333.5000 -60.1960 66.8413
333.5500 -60.1647 66.6032
333.5726 -60.1500 66.7862
333.6000 -60.1328 66.7862
333.6497 -60.1000 66.7113
333.6500 -60.0998 66.6356
333.7000 -60.0674 66.6356
333.7000 -60.0674 66.6356
333.7256 -60.0500 66.4979
333.7500 -60.0337 66.4979
333.7983 -60.0000 66.0418
333.8000 -59.9989 66.3567
333.8500 -59.9639 66.2950
333.8500 -59.9639 66.2950
333.8691 -59.9500 66.0418
333.9000 -59.9276 66.0418
333.9367 -59.9000 65.9928
333.9500 -59.8899 65.9928
333.9500 -59.8899 65.9928
334.0000 -59.8509 65.6979
334.0011 -59.8500 65.8896
334.0500 -59.8110 65.6978
334.0500 -59.8110 65.6978
334.0634 -59.8000 65.6978
334.1000 -59.7694 65.5290
334.1228 -59.7500 64.9851
334.1228 -59.7500 64.9851
334.1500 -59.7262 65.4964
334.1796 -59.7000 65.2157
334.2000 -59.6813 65.2157
334.2000 -59.6813 65.2157
334.2340 -59.6500 65.1778
334.2500 -59.6347 65.0122
334.2500 -59.6347 65.0122
334.2863 -59.6000 65.0122
334.3000 -59.5864 64.4753
334.3000 -59.5864 64.4753
334.3368 -59.5500 64.9411
334.3500 -59.5364 64.9526
334.3500 -59.5364 64.9526
334.3858 -59.5000 64.0002
334.4000 -59.4848 64.5297
334.4000 -59.4848 64.5297
334.4333 -59.4500 64.6035
334.4500 -59.4318 64.8043
334.4500 -59.4318 64.8043
334.4797 -59.4000 63.4798
334.5000 -59.3773 64.1153
334.5000 -59.3773 64.1153
334.5250 -59.3500 64.1153
334.5500 -59.3215 64.7719
334.5500 -59.3215 64.7719
334.5694 -59.3000 64.7719
334.6000 -59.2645 64.8205
334.6000 -59.2645 64.8205
334.6128 -59.2500 64.8205
334.6128 -59.2500 64.8205
334.6500 -59.2060 62.8374
334.6553 -59.2000 63.8231
334.6553 -59.2000 63.8231
334.6969 -59.1500 64.9379
334.7000 -59.1461 62.7421
334.7000 -59.1461 62.7421
334.7379 -59.1000 65.0459
334.7379 -59.1000 65.0459
334.7500 -59.0843 62.6742
334.7775 -59.0500 62.6742
334.7775 -59.0500 62.6742
334.8000 -59.0198 65.2767
334.8000 -59.0198 65.2767
334.8154 -59.0000 62.6118
334.8154 -59.0000 62.6118
334.8500 -58.9518 62.5366
334.8514 -58.9500 65.2767
334.8864 -58.9000 65.4127
334.8864 -58.9000 65.4127
334.8864 -58.9000 65.4127
334.9000 -58.8786 62.5366
334.9191 -58.8500 65.4127
334.9191 -58.8500 65.4127
334.9491 -58.8000 65.5428
334.9491 -58.8000 65.5428
334.9500 -58.7984 65.5428
334.9779 -58.7500 65.5428
334.9779 -58.7500 65.5428
334.9779 -58.7500 65.5428
335.0000 -58.7064 65.8380
335.0000 -58.7064 65.8380
335.0034 -58.7000 65.6867
335.0273 -58.6500 65.6867
335.0273 -58.6500 65.6867
335.0273 -58.6500 65.6867
335.0480 -58.6000 67.3761
335.0480 -58.6000 67.3761
335.0500 -58.5945 65.8380
335.0671 -58.5500 65.8380
335.0671 -58.5500 65.8380
335.0671 -58.5500 65.8380
335.0833 -58.5000 66.4618
335.0833 -58.5000 66.4618
335.0833 -58.5000 66.4618
335.0969 -58.4500 67.6765
335.0969 -58.4500 67.6765
335.1000 -58.4363 65.9701
335.1087 -58.4000 65.9701
335.1087 -58.4000 65.9701
335.1087 -58.4000 65.9701
335.1183 -58.3500 67.9503
335.1183 -58.3500 67.9503
335.1183 -58.3500 67.9503
335.1257 -58.3000 67.7397
335.1257 -58.3000 67.7397
335.1257 -58.3000 67.7397
335.1310 -58.2500 68.2477
335.1310 -58.2500 68.2477
335.1310 -58.2500 68.2477
335.1345 -58.2000 68.2477
335.1345 -58.2000 68.2477
335.1345 -58.2000 68.2477
335.1362 -58.1500 68.3569
335.1362 -58.1500 68.3569
335.1362 -58.1500 68.3569
335.1363 -58.1000 68.5474
335.1363 -58.1000 68.5474
335.1348 -58.0500 68.7906
335.1348 -58.0500 68.7906
335.1348 -58.0500 68.7906
335.1320 -58.0000 68.7906
335.1320 -58.0000 68.7906
335.1320 -58.0000 68.7906
335.1277 -57.9500 69.0207
335.1277 -57.9500 69.0207
335.1277 -57.9500 69.0207
335.1221 -57.9000 69.4331
335.1221 -57.9000 69.4331
335.1221 -57.9000 69.4331
335.1151 -57.8500 69.2596
335.1151 -57.8500 69.2596
335.1151 -57.8500 69.2596
335.1067 -57.8000 69.3915
335.1067 -57.8000 69.3915
335.1067 -57.8000 69.3915
335.1000 -57.7658 69.4481
335.0970 -57.7500 69.4481
335.0970 -57.7500 69.4481
335.0862 -57.7000 69.6378
335.0862 -57.7000 69.6378
335.0862 -57.7000 69.6378
335.0738 -57.6500 69.7267
335.0738 -57.6500 69.7267
335.0738 -57.6500 69.7267
335.0597 -57.6000 69.8216
335.0597 -57.6000 69.8216
335.0500 -57.5694 69.7535
335.0500 -57.5694 69.7535
335.0440 -57.5500 69.7535
335.0440 -57.5500 69.7535
335.0268 -57.5000 69.9949
335.0268 -57.5000 69.9949
335.0268 -57.5000 69.9949
335.0075 -57.4500 69.9949
335.0075 -57.4500 69.9949
335.0000 -57.4325 70.3137
334.9864 -57.4000 70.3137
334.9864 -57.4000 70.3137
334.9864 -57.4000 70.3137
334.9632 -57.3500 70.3137
334.9632 -57.3500 70.3137
334.9500 -57.3242 70.3722
334.9378 -57.3000 70.3722
334.9378 -57.3000 70.3722
334.9378 -57.3000 70.3722
334.9100 -57.2500 70.3722
334.9100 -57.2500 70.3722
334.9000 -57.2336 70.2364
334.8797 -57.2000 70.3722
334.8797 -57.2000 70.3722
334.8500 -57.1554 70.5461
334.8500 -57.1554 70.5461
334.8464 -57.1500 70.2364
334.8104 -57.1000 70.2364
334.8104 -57.1000 70.2364
334.8000 -57.0866 70.2364
334.8000 -57.0866 70.2364
334.7712 -57.0500 70.2364
334.7712 -57.0500 70.2364
334.7500 -57.0250 69.2347
334.7285 -57.0000 70.2364
334.7285 -57.0000 70.2364
334.7000 -56.9690 70.5461
334.6822 -56.9500 69.2347
334.6822 -56.9500 69.2347
334.6500 -56.9175 70.3265
334.6324 -56.9000 69.2347
334.6324 -56.9000 69.2347
334.6000 -56.8695 70.3265
334.5791 -56.8500 70.3265
334.5500 -56.8240 67.9805
334.5500 -56.8240 67.9805
334.5229 -56.8000 67.9805
334.5000 -56.7804 70.0594
334.5000 -56.7804 70.0594
334.4645 -56.7500 69.2405
334.4500 -56.7380 69.2405
334.4046 -56.7000 70.4308
334.4000 -56.6962 68.1435
334.4000 -56.6962 68.1435
334.3500 -56.6546 70.4449
334.3446 -56.6500 68.1932
334.3000 -56.6127 70.0665
334.3000 -56.6127 70.0665
334.2852 -56.6000 70.0665
334.2500 -56.5703 70.3750
334.2500 -56.5703 70.3750
334.2265 -56.5500 70.3750
334.2000 -56.5273 70.2543
334.1687 -56.5000 68.3241
334.1687 -56.5000 68.3241
334.1500 -56.4838 70.2205
334.1118 -56.4500 69.3094
334.1000 -56.4397 70.1360
334.1000 -56.4397 70.1360
334.0554 -56.4000 69.6323
334.0500 -56.3953 69.8462
334.0500 -56.3953 69.8462
334.0000 -56.3508 69.8051
333.9991 -56.3500 69.8051
333.9500 -56.3064 69.6061
333.9500 -56.3064 69.6061
333.9428 -56.3000 69.6061
333.9000 -56.2625 68.8241
333.8856 -56.2500 68.8241
333.8856 -56.2500 68.8241
333.8500 -56.2194 69.3512
333.8270 -56.2000 68.8928
333.8000 -56.1775 68.8928
333.8000 -56.1775 68.8928
333.7663 -56.1500 69.0645
333.7500 -56.1368 69.0645
333.7500 -56.1368 69.0645
333.7032 -56.1000 68.7563
333.7000 -56.0975 68.7563
333.6500 -56.0592 68.7374
333.6376 -56.0500 68.7374
333.6000 -56.0222 67.9876
333.6000 -56.0222 67.9876
333.5686 -56.0000 68.1580
333.5500 -55.9868 68.4843
333.5000 -55.9527 68.1580
333.4959 -55.9500 68.3510
333.4500 -55.9193 67.8591
333.4500 -55.9193 67.8591
333.4197 -55.9000 67.9378
333.4000 -55.8873 67.9378
333.3500 -55.8564 67.9378
333.3392 -55.8500 67.6967
333.3000 -55.8261 66.1406
333.3000 -55.8261 66.1406
333.2500 -55.7974 67.7078
333.2000 -55.7688 67.7078
333.2000 -55.7688 67.7078
333.1651 -55.7500 67.4669
333.1500 -55.7416 67.5138
333.1000 -55.7149 67.3372
333.0707 -55.7000 67.3102
333.0500 -55.6892 66.6420
333.0000 -55.6641 66.6420
332.9500 -55.6400 66.7124
332.9000 -55.6164 66.7124
332.9000 -55.6164 66.7124
332.8500 -55.5940 67.0793
332.8000 -55.5718 66.2862
332.7500 -55.5513 67.0793
332.7467 -55.5500 66.8923
332.7000 -55.5305 66.3500
332.6500 -55.5112 66.1279
332.6000 -55.4927 66.8021
332.5500 -55.4745 65.7466
332.5000 -55.4577 66.3500
332.4500 -55.4414 66.3800
332.4000 -55.4255 66.3800
332.3500 -55.4108 64.6746
332.2500 -55.3827 66.1363
332.2000 -55.3695 64.9813
332.1500 -55.3573 64.9813
332.0500 -55.3333 65.4491
332.0000 -55.3219 65.4491
331.9000 -55.3011 65.7676
331.8500 -55.2902 65.7077
331.7500 -55.2696 65.7688
331.6500 -55.2502 65.8212
331.6000 -55.2395 65.6411
331.5000 -55.2182 64.5236
169.0794 -20.5000 68.0367
169.0527 -20.4500 67.2141
169.0500 -20.4449 67.9707
169.0249 -20.4000 68.0014
169.0249 -20.4000 68.0014
168.9986 -20.3500 67.8937
168.9708 -20.3000 65.6793
168.9708 -20.3000 65.6793
168.9500 -20.2605 67.7859
168.9442 -20.2500 67.1879
168.9166 -20.2000 67.4029
168.9000 -20.1687 67.7628
168.8895 -20.1500 66.0744
168.8621 -20.1000 67.7573
168.8500 -20.0774 67.6957
168.8345 -20.0500 66.6351
168.8071 -20.0000 66.4040
168.8000 -19.9868 67.0860
168.7790 -19.9500 67.2752
168.7790 -19.9500 67.2752
168.7518 -19.9000 66.2403
168.7234 -19.8500 65.9623
168.7234 -19.8500 65.9623
168.7000 -19.8064 66.2980
168.6964 -19.8000 66.2980
168.6685 -19.7500 65.1950
168.6500 -19.7147 64.9055
168.6419 -19.7000 64.9055
168.6150 -19.6500 64.1515
168.6000 -19.6207 64.1351
168.5888 -19.6000 64.1351
168.5626 -19.5500 62.9510
168.5626 -19.5500 62.9510
168.5367 -19.5000 62.3847
168.5367 -19.5000 62.3847
168.5110 -19.4500 61.9189
168.5000 -19.4280 61.3031
168.4852 -19.4000 61.3031
168.4599 -19.3500 61.0968
168.4500 -19.3298 60.4545
168.4345 -19.3000 60.4545
168.4098 -19.2500 60.1805
168.4098 -19.2500 60.1805
168.3849 -19.2000 60.1020
168.3849 -19.2000 60.1020
168.3605 -19.1500 60.0601
168.3500 -19.1277 60.1837
168.3361 -19.1000 60.1837
168.3120 -19.0500 60.3207
168.3000 -19.0240 60.9290
168.2882 -19.0000 60.9290
168.2648 -18.9500 60.9109
168.2648 -18.9500 60.9109
168.2500 -18.9165 61.3961
168.2423 -18.9000 61.3961
168.2203 -18.8500 61.2516
168.2003 -18.8000 61.2516
168.2000 -18.7992 61.9367
168.1803 -18.7500 61.9367
168.1803 -18.7500 61.9367
168.1620 -18.7000 61.7645
168.1500 -18.6647 62.8142
168.1447 -18.6500 62.8142
168.1274 -18.6000 62.8546
168.1274 -18.6000 62.8546
168.1111 -18.5500 63.1095
168.1000 -18.5149 63.4860
168.0950 -18.5000 63.3935
168.0782 -18.4500 63.5272
168.0782 -18.4500 63.5272
168.0621 -18.4000 63.6801
168.0500 -18.3614 63.5036
168.0462 -18.3500 63.5036
168.0295 -18.3000 63.6056
168.0295 -18.3000 63.6056
168.0137 -18.2500 63.4044
168.0000 -18.2042 63.0459
167.9986 -18.2000 63.2574
167.9828 -18.1500 63.0459
167.9828 -18.1500 63.0459
167.9679 -18.1000 62.5642
167.9538 -18.0500 61.8123
167.9500 -18.0365 62.2594
167.9390 -18.0000 62.0015
167.9390 -18.0000 62.0015
167.9244 -17.9500 62.0015
167.9104 -17.9000 61.5266
167.9104 -17.9000 61.5266
167.9000 -17.8622 61.4030
167.8963 -17.8500 61.4030
167.8812 -17.8000 61.2610
167.8665 -17.7500 61.2347
167.8665 -17.7500 61.2347
167.8521 -17.7000 60.6318
167.8500 -17.6927 60.5866
167.8363 -17.6500 61.2312
167.8206 -17.6000 61.3156
167.8206 -17.6000 61.3156
167.8052 -17.5500 61.4569
167.8000 -17.5333 61.5532
167.7887 -17.5000 61.5292
167.7721 -17.4500 61.7979
167.7721 -17.4500 61.7979
167.7560 -17.4000 62.1470
167.7500 -17.3811 62.5308
167.7392 -17.3500 63.0468
167.7224 -17.3000 63.0725
167.7224 -17.3000 63.0725
167.7061 -17.2500 63.8497
167.7000 -17.2310 64.4496
167.6891 -17.2000 65.2159
167.6716 -17.1500 66.0336
167.6716 -17.1500 66.0336
167.6542 -17.1000 66.8671
167.6500 -17.0883 67.5568
167.6348 -17.0500 68.2695
167.6143 -17.0000 69.3053
167.6143 -17.0000 69.3053
167.6000 -16.9666 69.8297
167.5922 -16.9500 69.9530
167.5678 -16.9000 69.6332
167.5500 -16.8642 70.2406
167.5423 -16.8500 70.2406
167.5151 -16.8000 70.1276
166.9500 -15.6560 62.5992
166.9000 -15.4895 62.9035
166.8905 -15.4500 62.9035
166.8905 -15.4500 62.9035
166.8801 -15.4000 62.5992
166.8711 -15.3500 62.5992
166.8711 -15.3500 62.5992
166.8633 -15.3000 60.6759
166.8633 -15.3000 60.6759
166.8566 -15.2500 59.8896
166.8512 -15.2000 59.8896
166.8500 -15.1862 56.4722
166.8466 -15.1500 56.4722
166.8466 -15.1500 56.4722
166.8433 -15.1000 61.0900
166.8411 -15.0500 57.2877
166.8411 -15.0500 57.2877
166.8399 -15.0000 61.7096
166.8399 -15.0000 61.7096
166.8393 -14.9500 65.0106
166.8389 -14.9000 65.1899
166.8389 -14.9000 65.1899
166.8378 -14.8500 62.3925
166.8378 -14.8500 62.3925
166.8355 -14.8000 69.4239
166.8312 -14.7500 69.4169
166.8312 -14.7500 69.4169
166.8246 -14.7000 69.6949
166.8246 -14.7000 69.6949
166.8154 -14.6500 69.7789
166.8040 -14.6000 69.5925
166.8000 -14.5856 69.3574
166.7895 -14.5500 69.9001
166.7895 -14.5500 69.9001
166.7732 -14.5000 70.1110
166.7562 -14.4500 70.4627
166.7500 -14.4321 70.7986
166.7379 -14.4000 71.2252
166.7379 -14.4000 71.2252
166.7194 -14.3500 71.2196
166.7019 -14.3000 71.6141
166.7000 -14.2943 72.0151
166.6836 -14.2500 72.0157
166.6836 -14.2500 72.0157
166.6665 -14.2000 70.6702
166.6508 -14.1500 71.1099
166.6500 -14.1475 72.5583
166.6345 -14.1000 72.6293
166.6345 -14.1000 72.6293
166.6196 -14.0500 71.0303
166.6059 -14.0000 72.8407
166.6059 -14.0000 72.8407
166.5924 -13.9500 73.0240
166.5924 -13.9500 73.0240
166.5793 -13.9000 73.0496
166.5671 -13.8500 72.4147
166.5671 -13.8500 72.4147
166.5557 -13.8000 72.7495
166.5500 -13.7739 72.9812
166.5443 -13.7500 72.9934
166.5328 -13.7000 73.0116
166.5328 -13.7000 73.0116
166.5219 -13.6500 72.6475
166.5219 -13.6500 72.6475
166.5114 -13.6000 72.4044
166.5013 -13.5500 72.1231
166.5000 -13.5436 72.8741
166.4904 -13.5000 72.6412
166.4904 -13.5000 72.6412
166.4797 -13.4500 71.3947
166.4694 -13.4000 70.9224
166.4694 -13.4000 70.9224
166.4595 -13.3500 70.4248
166.4595 -13.3500 70.4248
166.4500 -13.3000 72.8741
166.3917 -12.9500 66.3354
166.3917 -12.9500 66.3354
166.3854 -12.9000 66.1831
166.3854 -12.9000 66.1831
166.3796 -12.8500 66.2129
166.3742 -12.8000 65.4788
166.3742 -12.8000 65.4788
166.3690 -12.7500 65.2302
166.3690 -12.7500 65.2302
166.3636 -12.7000 65.0409
166.3580 -12.6500 64.5060
166.3580 -12.6500 64.5060
166.3517 -12.6000 64.6032
166.3500 -12.5879 64.7387
166.3438 -12.5500 65.8867
166.3345 -12.5000 66.0391
166.3345 -12.5000 66.0391
166.3239 -12.4500 66.4154
166.3239 -12.4500 66.4154
166.3122 -12.4000 66.5483
166.3000 -12.3526 66.7900
166.2992 -12.3500 66.8876
166.2834 -12.3000 66.9451
166.2834 -12.3000 66.9451
166.2670 -12.2500 67.0041
166.2505 -12.2000 67.0985
166.2500 -12.1986 65.8529
166.2318 -12.1500 66.9974
166.2318 -12.1500 66.9974
166.2137 -12.1000 66.9441
166.2000 -12.0602 66.7628
166.1961 -12.0500 66.7628
166.1777 -12.0000 66.7976
166.1777 -12.0000 66.7976
166.1606 -11.9500 66.5976
166.1500 -11.9168 66.4077
166.1440 -11.9000 66.4077
166.1271 -11.8500 66.2181
166.1271 -11.8500 66.2181
166.1114 -11.8000 66.2181
166.1000 -11.7616 65.8646
166.0961 -11.7500 65.8646
166.0797 -11.7000 65.7130
166.0797 -11.7000 65.7130
166.0639 -11.6500 65.6232
166.0500 -11.6054 65.6906
166.0481 -11.6000 65.7893
166.0298 -11.5500 66.0956
166.0298 -11.5500 66.0956
98.7711 -1.0000 58.7242
98.8586 -1.1000 58.1724
98.9500 -1.2077 58.8196
99.0500 -1.3287 58.7998
99.1500 -1.4492 58.9011
99.2346 -1.5500 59.0190
99.3203 -1.6500 58.9769
99.4071 -1.7500 58.6649
99.5358 -1.9000 57.3696
99.6191 -2.0000 56.4183
99.8000 -2.2299 57.0948
99.8890 -2.3500 56.8481
99.9980 -2.5000 56.7573
100.0701 -2.6000 56.5800
100.1798 -2.7500 57.0023
100.2536 -2.8500 57.3195
100.3624 -3.0000 58.5560
100.4500 -3.1241 59.2484
100.5500 -3.2701 60.2913
100.6378 -3.4000 62.0217
100.7407 -3.5500 62.4511
100.8108 -3.6500 62.8123
100.9176 -3.8000 63.2269
101.0245 -3.9500 63.4721
101.1000 -4.0564 63.5190
101.2000 -4.1988 63.6029
101.3000 -4.3407 63.5402
101.3783 -4.4500 64.1079
101.4891 -4.6000 63.2487
101.5649 -4.7000 63.9416
101.6810 -4.8500 62.9670
101.7591 -4.9500 62.4277
101.8500 -5.0670 61.2959
101.9500 -5.1953 59.7082
102.0340 -5.3000 61.0749
102.1214 -5.4000 61.2548
102.2240 -5.5000 61.8116
102.3000 -5.5616 62.7369
102.4000 -5.6287 63.2451
102.5000 -5.6848 63.2878
102.6000 -5.7355 61.8039
102.7000 -5.7858 62.2943
102.8000 -5.8412 60.8889
102.8892 -5.9000 60.2675
102.9529 -5.9500 62.1880
103.0574 -6.0500 64.7156
103.1500 -6.1549 64.4251
103.2500 -6.2735 65.4770
103.3500 -6.3840 65.4770
103.4500 -6.4813 65.5986
103.5291 -6.5500 65.5359
103.6500 -6.6433 65.5359
103.7315 -6.7000 65.5359
103.8092 -6.7500 65.5359
103.9000 -6.8039 65.5359
104.0000 -6.8578 65.5359
104.1000 -6.9069 64.9485
104.1940 -6.9500 65.0423
104.3000 -6.9974 65.1003
104.3500 -7.0201 64.0649
104.4500 -7.0669 64.1887
104.5500 -7.1176 64.9421
104.6500 -7.1734 64.5394
104.7500 -7.2344 64.0817
104.8500 -7.2992 63.6554
104.9262 -7.3500 63.4652
105.0500 -7.4311 63.4018
105.1000 -7.4626 62.6539
105.2000 -7.5229 63.3176
105.3000 -7.5808 63.2861
105.4000 -7.6386 63.3084
105.6000 -7.7695 63.2266
105.7000 -7.8495 61.2576
105.7559 -7.9000 60.4791
105.8565 -8.0000 59.5345
105.9509 -8.1000 55.7185
106.0500 -8.2037 58.5885
106.1500 -8.2994 58.8348
106.2500 -8.3831 59.0802
106.3425 -8.4500 61.0995
106.4203 -8.5000 61.2896
106.5063 -8.5500 61.2548
106.6016 -8.6000 61.4693
106.7077 -8.6500 61.4693
106.8000 -8.6891 61.7005
106.9000 -8.7265 61.8824
107.0000 -8.7582 61.3162
107.1000 -8.7844 61.9155
107.1741 -8.8000 61.9155
107.2500 -8.8138 60.1423
107.3500 -8.8284 60.1423
107.4500 -8.8405 61.3162
107.5500 -8.8516 60.5238
107.6500 -8.8639 61.1186
107.7500 -8.8780 60.0806
107.8500 -8.8949 59.5629
107.9000 -8.9048 59.0405
108.0000 -8.9273 58.2866
108.1000 -8.9525 57.5049
108.2000 -8.9813 57.3698
108.3000 -9.0121 57.1329
108.4000 -9.0449 57.3259
108.5000 -9.0796 57.1655
108.5588 -9.1000 57.1861
108.6500 -9.1321 57.4228
108.7500 -9.1652 57.3812
108.8500 -9.1947 57.3922
108.9500 -9.2191 57.4032
109.0500 -9.2371 57.3701
109.1500 -9.2490 57.3480
109.2500 -9.2559 56.2790
109.3000 -9.2578 56.2790
109.4000 -9.2595 56.5959
109.5000 -9.2597 56.3231
109.6000 -9.2599 55.9450
109.7000 -9.2611 57.3703
109.8000 -9.2643 57.3153
109.9000 -9.2696 57.3134
109.9500 -9.2731 57.1394
110.0500 -9.2818 57.0964
110.1500 -9.2923 56.8669
110.2500 -9.3046 56.6480
110.3500 -9.3187 56.6154
110.4500 -9.3335 56.6698
110.5500 -9.3486 56.9035
110.6500 -9.3648 57.1067
110.7000 -9.3729 57.2505
110.8000 -9.3888 57.5255
110.9000 -9.4048 57.7807
111.0000 -9.4214 57.9926
111.1000 -9.4377 58.2389
111.1767 -9.4500 58.4527
111.3000 -9.4710 58.5543
111.3500 -9.4793 58.6108
111.4772 -9.5000 58.8034
111.5500 -9.5123 58.8488
111.6500 -9.5286 58.9284
111.7500 -9.5445 59.0574
111.8500 -9.5610 58.8769
111.9500 -9.5783 58.8831
112.0500 -9.5967 58.6700
112.1000 -9.6069 58.4305
112.2000 -9.6296 58.1686
112.3000 -9.6549 56.2218
112.4000 -9.6841 56.8885
112.5000 -9.7162 55.4452
112.5988 -9.7500 55.2576
112.7000 -9.7867 55.7024
112.7500 -9.8048 54.8254
112.8745 -9.8500 55.0856
112.9500 -9.8771 54.6985
113.0500 -9.9116 55.3104
113.1500 -9.9446 55.3104
113.2500 -9.9762 54.6890
113.3308 -10.0000 55.4373
113.4500 -10.0332 55.4373
113.5179 -10.0500 55.5009
113.6000 -10.0693 55.5009
113.7000 -10.0894 55.5009
113.8000 -10.1063 55.5009
113.9000 -10.1205 55.1375
114.0000 -10.1317 55.6070
114.1000 -10.1407 55.7240
114.1500 -10.1445 55.8045
114.2500 -10.1515 55.7098
114.3500 -10.1582 56.0592
114.4500 -10.1647 56.4225
114.5500 -10.1713 56.7777
114.6500 -10.1781 57.0684
114.7500 -10.1855 57.8267
114.8500 -10.1934 57.6558
114.9276 -10.2000 57.8494
115.0000 -10.2069 58.5258
115.1000 -10.2165 58.6907
115.2000 -10.2260 58.3084
115.3000 -10.2347 59.1245
115.4000 -10.2426 58.5860
115.5000 -10.2494 59.3412
115.5500 -10.2527 59.4101
115.6500 -10.2587 59.4095
115.7500 -10.2643 59.2519
115.8500 -10.2699 59.5232
115.9500 -10.2761 60.0104
116.0500 -10.2831 60.3713
116.1500 -10.2915 60.7815
116.2346 -10.3000 61.0880
116.3000 -10.3079 61.7487
116.4000 -10.3217 61.8851
116.5000 -10.3373 62.7591
116.6000 -10.3547 62.3658
116.7000 -10.3735 62.4261
116.8000 -10.3920 63.3922
116.9000 -10.4097 62.4020
116.9500 -10.4180 62.4020
117.0500 -10.4326 63.4304
117.1500 -10.4442 63.4304
117.2500 -10.4525 63.4304
117.3500 -10.4574 63.4304
117.4500 -10.4587 63.4304
117.5500 -10.4563 63.4304
117.6500 -10.4504 63.4304
117.7000 -10.4463 62.7892
117.8000 -10.4359 63.4177
117.9000 -10.4230 63.4177
178.2000 51.1250 55.3122
178.3000 51.1127 58.5875
178.4000 51.1020 60.4310
178.4500 51.0967 60.0647
178.5500 51.0868 60.0188
178.6500 51.0780 60.5875
178.7500 51.0700 59.9500
178.8500 51.0628 60.6601
178.9500 51.0561 60.0183
179.0500 51.0500 60.6359
179.1500 51.0437 60.7813
179.2500 51.0380 60.8784
179.3500 51.0330 60.7297
179.4000 51.0307 61.0245
179.5000 51.0267 61.2444
179.6000 51.0233 61.3915
179.7000 51.0206 61.6869
179.8000 51.0183 61.8352
179.9000 51.0165 62.1830
180.0000 51.0151 62.5330
180.1000 51.0140 62.9609
180.2000 51.0133 63.1635
180.3000 51.0131 63.5963
180.3500 51.0133 62.7415
180.4500 51.0143 63.9552
180.5500 51.0161 64.1612
180.6500 51.0189 62.6229
180.7500 51.0225 64.6796
180.8500 51.0268 63.3139
180.9500 51.0316 65.2024
181.0500 51.0367 65.5182
181.1500 51.0418 65.8091
181.2500 51.0469 66.2613
181.3156 51.0500 66.3949
181.4000 51.0535 66.6897
181.5000 51.0575 66.9590
181.6000 51.0611 65.6158
181.7000 51.0645 67.6095
181.8000 51.0674 67.8277
181.9000 51.0698 68.1562
182.0000 51.0715 68.3761
182.1000 51.0723 67.7569
182.2000 51.0725 68.6796
182.2500 51.0723 68.6796
182.3500 51.0717 68.7072
182.4500 51.0712 68.6796
182.5500 51.0714 68.6796
182.6500 51.0730 68.6519
182.7500 51.0766 68.0104
182.8500 51.0825 68.4592
182.9500 51.0909 68.5967
183.0369 51.1000 68.5967
183.1500 51.1126 68.5415
183.2000 51.1186 67.5442
183.3000 51.1311 67.4702
183.4000 51.1435 68.2936
183.5000 51.1548 67.9918
183.6000 51.1648 67.7157
183.7000 51.1739 67.5550
183.8000 51.1822 67.3505
183.9000 51.1898 67.0399
184.0000 51.1970 66.7973
184.1000 51.2034 66.4752
184.1500 51.2064 66.2880
184.2500 51.2123 65.9949
184.3500 51.2182 65.6767
184.4500 51.2242 65.9751
184.5500 51.2306 65.0712
184.6500 51.2375 65.2655
184.7500 51.2454 64.5236
184.8500 51.2538 64.5116
184.9500 51.2627 63.9295
185.0500 51.2722 63.5707
185.1000 51.2769 63.4177
185.2000 51.2861 62.9862
185.3000 51.2941 62.6418
185.4048 51.3000 62.1830
185.5000 51.3022 61.9840
185.6000 51.3012 61.8600
185.7000 51.2965 61.7610
185.8000 51.2883 60.7014
185.9000 51.2779 58.9695
186.0000 51.2665 58.9925
186.0500 51.2609 61.5636
186.1587 51.2500 61.5636
186.2500 51.2423 61.5636
186.3500 51.2372 61.5636
186.4500 51.2358 61.5882
186.5500 51.2380 61.5882
186.6500 51.2435 62.0320
186.7306 51.2500 61.5882
186.8500 51.2612 61.5882
186.9500 51.2723 61.5636
187.0000 51.2783 61.9389
187.1000 51.2910 61.9392
187.2000 51.3045 61.8458
187.3000 51.3184 61.5636
187.4000 51.3334 61.5882
187.5000 51.3497 61.8464
187.6000 51.3662 61.8944
187.7000 51.3839 61.9183
187.7851 51.4000 61.9664
187.9000 51.4217 62.0138
187.9500 51.4317 62.0138
188.0500 51.4528 62.1089
188.1500 51.4746 62.1089
188.2542 51.5000 60.2657
188.3500 51.5245 60.2657
188.4500 51.5532 61.4146
188.5500 51.5839 62.1804
188.6500 51.6174 62.2281
188.7402 51.6500 62.2763
188.8500 51.6906 60.6802
188.9000 51.7096 61.0142
189.0059 51.7500 61.4669
189.1000 51.7844 62.0808
189.2000 51.8198 62.9008
189.3000 51.8538 62.8318
189.4000 51.8852 62.7614
189.5000 51.9154 60.8000
189.6000 51.9449 60.7633
189.7000 51.9729 60.7489
189.7947 52.0000 61.1045
189.8500 52.0148 62.4883
189.9760 52.0500 61.7348
190.0500 52.0696 61.9506
190.1608 52.1000 63.3699
190.2500 52.1229 63.3947
190.3500 52.1495 63.3956
190.4500 52.1743 63.2783
190.5498 52.2000 61.7348
190.6500 52.2241 62.6848
190.7500 52.2493 63.1731
190.8000 52.2610 60.5168
190.9000 52.2848 61.3215
191.0000 52.3080 60.0126
191.1000 52.3292 59.2803
191.2064 52.3500 56.4754
191.3000 52.3647 56.3140
191.4000 52.3779 55.5761
191.5000 52.3885 51.2415
191.6000 52.3969 50.0981
191.7000 52.4040 52.0839
191.7500 52.4074 48.9191
191.8500 52.4152 51.6794
191.9500 52.4249 52.0839
192.0500 52.4376 53.8562
192.1500 52.4532 53.8562
192.2500 52.4711 53.8562
192.3500 52.4917 53.8562
192.4500 52.5135 51.7035
192.5500 52.5363 52.8041
192.6500 52.5595 52.1192
192.7000 52.5711 50.2691
192.8223 52.6000 51.3385
192.9000 52.6181 51.1987
193.0000 52.6421 50.6414
193.1000 52.6661 51.2275
193.2000 52.6907 50.9858
193.3000 52.7155 51.5483
193.4000 52.7407 52.0902
193.5000 52.7661 52.8024
193.6000 52.7916 53.2265
193.6500 52.8044 54.1218
193.7500 52.8296 55.0303
193.8500 52.8544 56.3583
193.9500 52.8779 56.9682
194.0500 52.9003 58.6375
194.1500 52.9209 59.1662
194.2500 52.9401 59.6910
194.3500 52.9581 57.0460
194.4500 52.9755 60.0356
194.5500 52.9928 60.2003
194.6000 53.0016 60.2003
194.7000 53.0198 60.0737
194.8000 53.0390 60.9994
194.9000 53.0595 60.2027
195.0000 53.0812 60.9080
195.1000 53.1042 60.0435
195.2000 53.1283 60.0211
195.2870 53.1500 60.6193
195.4000 53.1788 59.7713
195.4824 53.2000 60.0806
195.5500 53.2174 59.4313
195.6774 53.2500 58.8519
195.7500 53.2683 58.9358
195.8500 53.2932 58.9512
195.9500 53.3178 58.4496
196.0500 53.3422 58.0230
196.1500 53.3665 57.8257
196.2500 53.3908 57.7371
196.3500 53.4154 57.5558
196.4500 53.4406 57.5404
196.5000 53.4536 57.5399
196.6000 53.4807 57.6229
196.7000 53.5100 57.5399
196.8000 53.5422 57.5380
196.9000 53.5780 57.5558
197.0000 53.6172 57.5558
197.1000 53.6595 57.5380
197.1920 53.7000 57.5614
197.3000 53.7474 57.7032
197.4000 53.7895 58.1456
197.4500 53.8094 58.4202
197.5595 53.8500 58.3086
197.6500 53.8795 56.8896
197.7500 53.9082 56.9564
197.8500 53.9326 55.6897
197.9500 53.9535 53.9267
198.0500 53.9711 50.8746
198.1500 53.9867 51.3600
198.2429 54.0000 49.1378
198.3500 54.0141 48.9671
198.4000 54.0206 49.1688
198.5000 54.0337 47.3115
198.6215 54.0500 45.8331
198.7000 54.0604 46.0593
198.8000 54.0741 45.4474
198.9000 54.0882 45.3012
199.0000 54.1026 44.7987
199.1000 54.1170 44.8507
199.2000 54.1319 44.8818
199.3000 54.1473 44.6872
199.3500 54.1551 44.5237
199.4500 54.1712 44.3609
199.5500 54.1883 44.3609
199.6500 54.2063 44.2138
199.7500 54.2254 44.6751
199.8500 54.2461 44.6751
199.9500 54.2682 44.4965
200.0500 54.2927 45.0222
200.1500 54.3197 45.0222
200.3000 54.3661 45.3720
200.4000 54.4008 45.3720
200.5000 54.4375 44.9763
200.6000 54.4750 44.6470
200.7000 54.5120 44.1490
200.8000 54.5471 42.7803
200.9000 54.5792 41.7964
201.0000 54.6088 46.4028
201.1000 54.6359 46.3156
201.9500 54.8878 39.3883
202.0500 54.9316 41.8196
202.1500 54.9802 44.1763
202.2000 55.0063 44.1763
202.3000 55.0613 44.1763
202.4000 55.1190 39.3883
204.8000 56.2150 54.2942
204.9000 56.2449 52.8315
205.0000 56.2720 51.9947
205.0500 56.2847 53.7470
205.1500 56.3087 54.4577
205.2500 56.3312 54.3878
205.3500 56.3532 55.4835
205.4500 56.3755 55.4835
205.5500 56.3994 56.0234
205.6500 56.4259 51.1740
205.7307 56.4500 54.4162
205.8500 56.4904 53.8201
205.9500 56.5288 53.7072
206.0012 56.5500 53.5702
206.1155 56.6000 53.5702
206.2243 56.6500 53.4942
206.3000 56.6853 53.9626
206.4000 56.7312 53.0532
148.4789 -6.9000 63.5899
148.5764 -6.8500 66.9419
148.6500 -6.8127 63.7384
148.6500 -6.8127 63.7384
148.6736 -6.8000 67.5172
148.7000 -6.7872 67.5172
148.7500 -6.7623 67.7224
148.7742 -6.7500 65.5863
148.8000 -6.7382 68.2885
148.8000 -6.7382 68.2885
148.8500 -6.7152 68.4690
148.8827 -6.7000 67.8497
148.9000 -6.6927 69.0638
148.9500 -6.6719 69.2582
148.9500 -6.6719 69.2582
149.0000 -6.6511 69.4658
149.0026 -6.6500 69.8295
149.0500 -6.6326 69.9855
149.1000 -6.6144 70.1026
149.1000 -6.6144 70.1026
149.1402 -6.6000 70.2717
149.1500 -6.5968 70.2847
149.2000 -6.5812 70.2586
149.2000 -6.5812 70.2586
149.2500 -6.5660 71.2516
149.3000 -6.5511 69.9984
149.3038 -6.5500 69.9073
149.3500 -6.5380 69.8683
149.3500 -6.5380 69.8683
149.4000 -6.5254 69.9204
149.4000 -6.5254 69.9204
149.4500 -6.5129 71.6736
149.5000 -6.5004 70.3368
149.5015 -6.5000 70.7146
149.5500 -6.4892 71.1578
149.5500 -6.4892 71.1578
149.6000 -6.4779 71.6272
149.6000 -6.4779 71.6272
149.6500 -6.4662 73.2450
149.6500 -6.4662 73.2450
149.7000 -6.4540 73.5669
149.7161 -6.4500 73.8457
149.7500 -6.4422 72.8774
149.8000 -6.4303 74.1105
149.8000 -6.4303 74.1105
149.8500 -6.4177 74.3451
149.8500 -6.4177 74.3451
149.9000 -6.4044 73.4093
149.9158 -6.4000 73.5776
149.9500 -6.3913 73.5776
150.0000 -6.3780 73.6939
150.0000 -6.3780 73.6939
150.0500 -6.3637 74.5239
150.0500 -6.3637 74.5239
150.1000 -6.3486 74.5091
150.1500 -6.3340 73.8747
150.1500 -6.3340 73.8747
150.2000 -6.3182 74.4352
150.2000 -6.3182 74.4352
150.2500 -6.3010 73.9391
150.2527 -6.3000 74.6501
150.3000 -6.2842 74.0164
150.3500 -6.2659 74.5027
150.3500 -6.2659 74.5027
150.3899 -6.2500 74.1193
150.4000 -6.2463 73.9780
150.4500 -6.2269 74.1193
150.4500 -6.2269 74.1193
150.5000 -6.2056 74.1193
150.5126 -6.2000 73.9443
150.5500 -6.1844 74.2569
150.6000 -6.1620 74.2606
150.6000 -6.1620 74.2606
150.6253 -6.1500 74.2990
150.6500 -6.1390 74.2990
150.7000 -6.1153 74.2990
150.7304 -6.1000 74.3901
150.7500 -6.0907 74.3901
150.8000 -6.0657 74.3630
150.8000 -6.0657 74.3630
150.8298 -6.0500 74.3372
150.8500 -6.0399 74.2306
150.9000 -6.0141 74.1957
150.9263 -6.0000 73.6658
150.9500 -5.9880 74.0153
151.0000 -5.9622 73.6537
151.0000 -5.9622 73.6537
151.0234 -5.9500 73.2133
151.0500 -5.9370 73.2133
151.1000 -5.9123 72.6676
151.1249 -5.9000 72.0425
151.1500 -5.8884 71.6546
151.2000 -5.8654 71.7166
151.2000 -5.8654 71.7166
151.2332 -5.8500 67.4946
151.2500 -5.8427 70.2695
151.3000 -5.8212 67.7380
151.3000 -5.8212 67.7380
151.3480 -5.8000 68.8833
151.3500 -5.7992 68.8833
151.4000 -5.7788 68.4922
151.4500 -5.7576 68.2079
151.4500 -5.7576 68.2079
151.5000 -5.7370 70.0268
151.5000 -5.7370 70.0268
151.5500 -5.7163 69.3027
151.5877 -5.7000 67.0282
151.6000 -5.6951 69.4905
151.6500 -5.6744 67.0282
151.6500 -5.6744 67.0282
151.7000 -5.6523 69.3913
151.7051 -5.6500 68.2210
151.7500 -5.6310 68.1111
151.7500 -5.6310 68.1111
151.8000 -5.6085 67.6597
151.8181 -5.6000 67.3477
151.8500 -5.5861 67.3477
151.9000 -5.5632 66.6189
151.9000 -5.5632 66.6189
151.9500 -5.5402 67.3568
151.9500 -5.5402 67.3568
152.0000 -5.5177 67.5615
152.0382 -5.5000 65.6390
152.0500 -5.4949 65.9754
152.1000 -5.4734 67.0710
152.1000 -5.4734 67.0710
152.1500 -5.4514 65.9089
152.1532 -5.4500 65.9750
152.2000 -5.4313 65.7594
152.2000 -5.4313 65.7594
152.2500 -5.4113 66.0875
152.2788 -5.4000 66.9125
152.3000 -5.3923 66.6807
152.3500 -5.3751 67.7181
152.3500 -5.3751 67.7181
152.4000 -5.3586 67.6236
152.4283 -5.3500 68.6320
152.4500 -5.3440 66.5689
152.5000 -5.3318 67.0669
152.5000 -5.3318 67.0669
152.5500 -5.3214 69.1102
152.5500 -5.3214 69.1102
152.6000 -5.3128 67.8277
152.6000 -5.3128 67.8277
152.6500 -5.3062 68.2936
152.7000 -5.3016 69.2067
152.7000 -5.3016 69.2067
152.7319 -5.3000 69.4577
152.7500 -5.2992 68.5926
152.8000 -5.2986 69.8919
152.8000 -5.2986 69.8919
152.8500 -5.2998 69.7515
152.8541 -5.3000 69.3950
152.9000 -5.3028 69.1232
152.9500 -5.3077 68.5829
152.9500 -5.3077 68.5829
153.0000 -5.3143 69.3953
153.0000 -5.3143 69.3953
153.0500 -5.3226 69.3954
153.0500 -5.3226 69.3954
153.1000 -5.3326 69.6162
153.1500 -5.3443 70.1753
153.1500 -5.3443 70.1753
153.2000 -5.3586 71.9430
153.2000 -5.3586 71.9430
153.2500 -5.3753 71.8957
153.2500 -5.3753 71.8957
