225.000000 -44.134615 -3.936250 -3.939572 0.003322 35.912407 0.000000
225.000000 -42.403846 -4.384382 -4.387909 0.003527 36.948407 0.000000
225.000000 -40.673077 -4.767337 -4.770919 0.003582 37.950693 0.000000
225.000000 -38.942308 -5.114038 -5.117638 0.003599 38.918353 0.000000
225.000000 -37.211538 -5.434687 -5.438288 0.003601 39.850502 0.000000
225.000000 -35.480769 -5.734349 -5.737945 0.003595 40.746290 0.000000
225.000000 -33.750000 -6.015945 -6.019531 0.003586 41.604900 0.000000
225.000000 -32.019231 -6.281303 -6.284876 0.003573 42.425548 0.000000
225.000000 -30.288462 -6.531623 -6.535182 0.003559 43.207486 0.000000
225.000000 -28.557692 -6.767720 -6.771264 0.003544 43.950001 0.000000
225.000000 -26.826923 -6.990153 -6.993681 0.003528 44.652413 0.000000
225.000000 -25.096154 -7.199307 -7.202819 0.003512 45.314084 0.000000
225.000000 -23.365385 -7.395446 -7.398941 0.003495 45.934409 0.000000
225.000000 -21.634615 -7.578745 -7.582223 0.003478 46.512821 0.000000
225.000000 -19.903846 -7.749315 -7.752775 0.003460 47.048794 0.000000
225.000000 -18.173077 -7.907219 -7.910662 0.003442 47.541838 0.000000
225.000000 -16.442308 -8.052488 -8.055913 0.003425 47.991504 0.000000
225.000000 -14.711538 -8.185126 -8.188533 0.003406 48.397380 0.000000
225.000000 -12.980769 -8.305120 -8.308508 0.003388 48.759098 0.000000
225.000000 -11.250000 -8.412444 -8.415814 0.003370 49.076326 0.000000
225.000000 -9.519231 -8.507063 -8.510415 0.003352 49.348775 0.000000
225.000000 -7.788462 -8.588938 -8.592272 0.003334 49.576197 0.000000
225.000000 -6.057692 -8.658028 -8.661344 0.003316 49.758384 0.000000
225.000000 -4.326923 -8.714289 -8.717587 0.003298 49.895170 0.000000
225.000000 -2.596154 -8.757680 -8.760960 0.003281 49.986430 0.000000
225.000000 -0.865385 -8.788160 -8.791423 0.003263 50.032080 0.000000
225.000000 0.865385 -8.805691 -8.808937 0.003246 50.032080 0.000000
225.000000 2.596154 -8.810239 -8.813468 0.003229 49.986430 0.000000
225.000000 4.326923 -8.801771 -8.804982 0.003212 49.895170 0.000000
225.000000 6.057692 -8.780255 -8.783450 0.003195 49.758384 0.000000
225.000000 7.788462 -8.745665 -8.748843 0.003179 49.576197 0.000000
225.000000 9.519231 -8.697971 -8.701133 0.003162 49.348775 0.000000
225.000000 11.250000 -8.637145 -8.640291 0.003146 49.076326 0.000000
225.000000 12.980769 -8.563155 -8.566286 0.003131 48.759098 0.000000
225.000000 14.711538 -8.475965 -8.479080 0.003115 48.397380 0.000000
225.000000 16.442308 -8.375529 -8.378629 0.003100 47.991504 0.000000
225.000000 18.173077 -8.261790 -8.264874 0.003084 47.541838 0.000000
225.000000 19.903846 -8.134672 -8.137741 0.003069 47.048794 0.000000
225.000000 21.634615 -7.994074 -7.997128 0.003055 46.512821 0.000000
225.000000 23.365385 -7.839861 -7.842901 0.003040 45.934409 0.000000
225.000000 25.096154 -7.671852 -7.674877 0.003025 45.314084 0.000000
225.000000 26.826923 -7.489802 -7.492812 0.003010 44.652413 0.000000
225.000000 28.557692 -7.293379 -7.296374 0.002995 43.950001 0.000000
225.000000 30.288462 -7.082129 -7.085108 0.002979 43.207486 0.000000
225.000000 32.019231 -6.855425 -6.858388 0.002963 42.425548 0.000000
225.000000 33.750000 -6.612391 -6.615335 0.002944 41.604900 0.000000
225.000000 35.480769 -6.351761 -6.354685 0.002924 40.746290 0.000000
225.000000 37.211538 -6.071653 -6.074550 0.002898 39.850502 0.000000
225.000000 38.942308 -5.769094 -5.771957 0.002863 38.918353 0.000000
225.000000 40.673077 -5.438982 -5.441790 0.002808 37.950693 0.000000
225.000000 42.403846 -5.071105 -5.073812 0.002707 36.948407 0.000000
225.000000 44.134615 -4.636628 -4.639049 0.002420 35.912407 0.000000
223.767180 45.129718 -4.170384 -4.161196 -0.009188 5.467215 0.000000
221.286088 45.349082 -3.800915 -3.794182 -0.006733 4.381966 0.000000
218.788084 45.514346 -3.423174 -3.417627 -0.005546 3.291647 0.000000
216.277811 45.624880 -3.040641 -3.035898 -0.004743 2.197221 0.000000
213.760101 45.680254 -2.655856 -2.651725 -0.004130 1.099670 0.000000
211.239899 45.680254 -2.271049 -2.267417 -0.003633 0.000000 0.000000
208.722189 45.624880 -1.888538 -1.885326 -0.003212 1.100757 0.000000
206.211916 45.514346 -1.511184 -1.508338 -0.002846 2.201549 0.000000
203.713912 45.349082 -1.143398 -1.140881 -0.002517 3.301300 0.000000
201.232820 45.129718 -0.795309 -0.793112 -0.002197 4.398916 0.000000
198.760505 45.102383 -0.485576 -0.485601 0.000025 4.369782 0.000000
196.269600 45.266706 -0.125507 -0.125810 0.000303 3.282484 0.000000
193.766635 45.376605 0.249620 0.249081 0.000539 2.191094 0.000000
191.256362 45.431662 0.629882 0.629120 0.000762 1.096597 0.000000
188.743638 45.431662 1.010714 1.009736 0.000977 0.000000 0.000000
186.233365 45.376605 1.388506 1.387316 0.001190 1.097666 0.000000
183.730400 45.266706 1.758852 1.757449 0.001403 2.195349 0.000000
181.239495 45.102383 2.112545 2.110909 0.001636 3.291973 0.000000
178.760505 45.102383 2.410085 2.406605 0.003480 4.369782 0.000000
176.269600 45.266706 2.731310 2.727596 0.003715 3.282484 0.000000
173.766635 45.376605 3.067364 3.063425 0.003939 2.191094 0.000000
171.256362 45.431662 3.409101 3.404928 0.004173 1.096597 0.000000
168.743638 45.431662 3.752305 3.747884 0.004421 0.000000 0.000000
166.233365 45.376605 4.093728 4.089038 0.004690 1.097666 0.000000
163.730400 45.266706 4.429404 4.424415 0.004989 2.195349 0.000000
161.239495 45.102383 4.750365 4.745015 0.005349 3.291973 0.000000
158.767180 45.129718 4.986933 4.979692 0.007241 5.467215 0.000000
156.286088 45.349082 5.226782 5.219034 0.007748 4.381966 0.000000
153.788084 45.514346 5.486286 5.477929 0.008356 3.291647 0.000000
151.277811 45.624880 5.755488 5.746343 0.009144 2.197221 0.000000
148.760101 45.680254 6.029517 6.019312 0.010205 1.099670 0.000000
146.239899 45.680254 6.303535 6.291844 0.011691 0.000000 0.000000
143.722189 45.624880 6.569422 6.555535 0.013887 1.100757 0.000000
141.211916 45.514346 6.810912 6.793505 0.017408 2.201549 0.000000
138.713912 45.349082 6.989588 6.965517 0.024071 3.301300 0.000000
136.232820 45.129718 6.970664 6.923945 0.046719 4.398916 0.000000
135.000000 44.558824 9.259290 2.507950 6.751340 35.653449 -50.000000
135.000000 43.676471 11.254316 0.989740 10.264576 36.189870 -50.000000
135.000000 42.794118 12.676110 -0.005182 12.681293 36.717709 -50.000000
135.000000 41.911765 13.775559 -0.705085 14.480644 37.236841 -50.000000
135.000000 41.029412 14.650079 -1.199618 15.849697 37.747141 -50.000000
135.000000 40.147059 15.347448 -1.532527 16.879975 38.248490 -50.000000
135.000000 39.264706 15.893610 -1.727244 17.620854 38.740768 -50.000000
135.000000 38.382353 16.302748 -1.796205 18.098954 39.223858 -50.000000
135.000000 37.500000 16.581518 -1.744759 18.326278 39.697646 -50.000000
135.000000 36.617647 16.730825 -1.572759 18.303584 40.162020 -50.000000
135.000000 35.735294 16.746237 -1.274870 18.021108 40.616869 -50.000000
135.000000 34.852941 16.617305 -0.839798 17.457103 41.062085 -50.000000
135.000000 33.970588 16.325437 -0.248084 16.573521 41.497564 -50.000000
135.000000 33.088235 15.839137 0.532772 15.306365 41.923201 -50.000000
135.000000 32.205882 15.102986 1.559541 13.543444 42.338896 -50.000000
135.000000 31.323529 14.007935 2.943527 11.064408 42.744550 -50.000000
135.000000 30.441176 12.284499 4.959761 7.324739 43.140068 -50.000000
135.000000 29.166667 8.860400 8.817846 0.042554 43.693284 0.000000
135.000000 27.500000 9.093671 9.072865 0.020807 44.384060 0.000000
135.000000 25.833333 9.309626 9.293013 0.016613 45.037282 0.000000
135.000000 24.166667 9.505841 9.489946 0.015896 45.652398 0.000000
135.000000 22.500000 9.682911 9.665958 0.016953 46.228888 0.000000
135.000000 20.833333 9.841114 9.821430 0.019684 46.766263 0.000000
135.000000 19.166667 9.980399 9.955415 0.024984 47.264070 0.000000
135.000000 17.500000 10.100816 10.064459 0.036357 47.721886 0.000000
135.000000 15.833333 10.209695 10.130656 0.079038 48.139325 0.000000
135.000000 14.558824 16.526502 3.882667 12.643835 48.431078 -50.000000
135.000000 13.676471 20.067771 0.399346 19.668425 48.619031 -50.000000
135.000000 12.794118 22.689491 -2.158864 24.848355 48.795454 -50.000000
135.000000 11.911765 24.822127 -4.228159 29.050286 48.960305 -50.000000
135.000000 11.029412 26.638353 -5.983378 32.621731 49.113545 -50.000000
135.000000 10.147059 28.226695 -7.514198 35.740893 49.255137 -50.000000
135.000000 9.264706 29.639436 -8.873606 38.513042 49.385049 -50.000000
135.000000 8.382353 30.910419 -10.095929 41.006348 49.503248 -50.000000
135.000000 7.500000 32.063015 -11.204876 43.267892 49.609707 -50.000000
135.000000 6.617647 33.114145 -12.217627 45.331772 49.704402 -50.000000
135.000000 5.735294 34.076518 -13.147087 47.223606 49.787309 -50.000000
135.000000 4.852941 34.959960 -14.003240 48.963199 49.858408 -50.000000
135.000000 3.970588 35.772244 -14.793984 50.566228 49.917683 -50.000000
135.000000 3.088235 36.519633 -15.525688 52.045321 49.965120 -50.000000
135.000000 2.205882 37.207254 -16.203562 53.410816 50.000708 -50.000000
135.000000 1.323529 37.839355 -16.831930 54.671285 50.024438 -50.000000
135.000000 0.441176 38.419501 -17.414415 55.833916 50.036304 -50.000000
135.000000 -0.441176 38.950706 -17.954086 56.904792 50.036304 -50.000000
135.000000 -1.323529 39.435543 -18.453559 57.889102 50.024438 -50.000000
135.000000 -2.205882 39.876219 -18.915082 58.791301 50.000708 -50.000000
135.000000 -3.088235 40.274640 -19.340594 59.615234 49.965120 -50.000000
135.000000 -3.970588 40.632457 -19.731774 60.364231 49.917683 -50.000000
135.000000 -4.852941 40.951105 -20.090084 61.041189 49.858408 -50.000000
135.000000 -5.735294 41.231833 -20.416794 61.648627 49.787309 -50.000000
135.000000 -6.617647 41.475730 -20.713014 62.188744 49.704402 -50.000000
135.000000 -7.500000 41.683743 -20.979708 62.663451 49.609707 -50.000000
135.000000 -8.382353 41.856695 -21.217713 63.074408 49.503248 -50.000000
135.000000 -9.264706 41.995297 -21.427754 63.423051 49.385049 -50.000000
135.000000 -10.147059 42.100160 -21.610455 63.710614 49.255137 -50.000000
135.000000 -11.029412 42.171802 -21.766343 63.938145 49.113545 -50.000000
135.000000 -11.911765 42.210657 -21.895863 64.106520 48.960305 -50.000000
135.000000 -12.794118 42.217080 -21.999379 64.216459 48.795454 -50.000000
135.000000 -13.676471 42.191350 -22.077179 64.268529 48.619031 -50.000000
135.000000 -14.558824 42.133675 -22.129480 64.263155 48.431078 -50.000000
135.000000 -15.441176 42.044194 -22.156428 64.200622 48.231639 -50.000000
135.000000 -16.323529 41.922976 -22.158103 64.081079 48.020762 -50.000000
135.000000 -17.205882 41.770023 -22.134517 63.904540 47.798496 -50.000000
135.000000 -18.088235 41.585268 -22.085614 63.670882 47.564895 -50.000000
135.000000 -18.970588 41.368574 -22.011268 63.379842 47.320014 -50.000000
135.000000 -19.852941 41.119731 -21.911283 63.031014 47.063911 -50.000000
135.000000 -20.735294 40.838451 -21.785388 62.623839 46.796646 -50.000000
135.000000 -21.617647 40.524365 -21.633233 62.157598 46.518283 -50.000000
135.000000 -22.500000 40.177017 -21.454383 61.631400 46.228888 -50.000000
135.000000 -23.382353 39.795853 -21.248311 61.044165 45.928530 -50.000000
135.000000 -24.264706 39.380216 -21.014388 60.394604 45.617279 -50.000000
135.000000 -25.147059 38.929327 -20.751874 59.681201 45.295210 -50.000000
135.000000 -26.029412 38.442279 -20.459901 58.902180 44.962400 -50.000000
135.000000 -26.911765 37.918010 -20.137458 58.055468 44.618926 -50.000000
135.000000 -27.794118 37.355286 -19.783370 57.138656 44.264871 -50.000000
135.000000 -28.676471 36.752673 -19.396269 56.148941 43.900318 -50.000000
135.000000 -29.558824 36.108495 -18.974563 55.083058 43.525354 -50.000000
135.000000 -30.441176 35.420800 -18.516393 53.937193 43.140068 -50.000000
135.000000 -31.323529 34.687294 -18.019580 52.706873 42.744550 -50.000000
135.000000 -32.205882 33.905271 -17.481553 51.386824 42.338896 -50.000000
135.000000 -33.088235 33.071520 -16.899259 49.970778 41.923201 -50.000000
135.000000 -33.970588 32.182189 -16.269039 48.451228 41.497564 -50.000000
135.000000 -34.852941 31.232615 -15.586463 46.819078 41.062085 -50.000000
135.000000 -35.735294 30.217081 -14.846093 45.063175 40.616869 -50.000000
135.000000 -36.617647 29.128466 -14.041154 43.169620 40.162020 -50.000000
135.000000 -37.500000 27.957742 -13.163045 41.120787 39.697646 -50.000000
135.000000 -38.382353 26.693199 -12.200599 38.893798 39.223858 -50.000000
135.000000 -39.264706 25.319204 -11.138877 36.458081 38.740768 -50.000000
135.000000 -40.147059 23.814104 -9.957147 33.771251 38.248490 -50.000000
135.000000 -41.029412 22.146438 -8.625213 30.771651 37.747141 -50.000000
135.000000 -41.911765 20.267418 -7.096131 27.363550 37.236841 -50.000000
135.000000 -42.794118 18.093969 -5.289800 23.383769 36.717709 -50.000000
135.000000 -43.676471 15.462514 -3.048518 18.511032 36.189870 -50.000000
135.000000 -44.558824 11.957121 0.024875 11.932246 35.653449 -50.000000
136.232820 -45.129718 8.434418 8.354538 0.079880 5.467215 0.000000
138.713912 -45.349082 9.129173 9.086700 0.042473 4.381966 0.000000
141.211916 -45.514346 9.343634 9.311882 0.031752 3.291647 0.000000
143.722189 -45.624880 9.347967 9.322049 0.025918 2.197221 0.000000
146.239899 -45.680254 9.230803 9.208737 0.022065 1.099670 0.000000
148.760101 -45.680254 9.036694 9.017433 0.019261 0.000000 0.000000
151.277811 -45.624880 8.792284 8.775188 0.017096 1.100757 0.000000
153.788084 -45.514346 8.515246 8.499890 0.015357 2.201549 0.000000
156.286088 -45.349082 8.219915 8.205998 0.013918 3.301300 0.000000
158.767180 -45.129718 7.923384 7.910703 0.012681 4.398916 0.000000
161.239495 -45.102383 7.581631 7.572169 0.009461 4.369782 0.000000
163.730400 -45.266706 7.124383 7.115860 0.008524 3.282484 0.000000
166.233365 -45.376605 6.658377 6.650643 0.007734 2.191094 0.000000
168.743638 -45.431662 6.192448 6.185405 0.007043 1.096597 0.000000
171.256362 -45.431662 5.730402 5.723969 0.006432 0.000000 0.000000
173.766635 -45.376605 5.275298 5.269413 0.005886 1.097666 0.000000
176.269600 -45.266706 4.831145 4.825755 0.005390 2.195349 0.000000
178.760505 -45.102383 4.406859 4.401939 0.004920 3.291973 0.000000
181.239495 -45.102383 4.003288 4.000937 0.002351 4.369782 0.000000
183.730400 -45.266706 3.543831 3.541832 0.001998 3.282484 0.000000
186.233365 -45.376605 3.075311 3.073630 0.001680 2.191094 0.000000
188.743638 -45.431662 2.606099 2.604723 0.001376 1.096597 0.000000
191.256362 -45.431662 2.139881 2.138801 0.001080 0.000000 0.000000
193.766635 -45.376605 1.679637 1.678850 0.000787 1.097666 0.000000
196.269600 -45.266706 1.229381 1.228891 0.000490 2.195349 0.000000
198.760505 -45.102383 0.798538 0.798379 0.000159 3.291973 0.000000
201.232820 -45.129718 0.420800 0.423259 -0.002459 5.467215 0.000000
203.713912 -45.349082 0.008007 0.010787 -0.002780 4.381966 0.000000
206.211916 -45.514346 -0.420761 -0.417652 -0.003109 3.291647 0.000000
208.722189 -45.624880 -0.855808 -0.852332 -0.003476 2.197221 0.000000
211.239899 -45.680254 -1.293128 -1.289231 -0.003897 1.099670 0.000000
213.760101 -45.680254 -1.730250 -1.725857 -0.004394 0.000000 0.000000
216.277811 -45.624880 -2.165252 -2.160248 -0.005004 1.100757 0.000000
218.788084 -45.514346 -2.596340 -2.590536 -0.005804 2.201549 0.000000
221.286088 -45.349082 -3.021558 -3.014573 -0.006985 3.301300 0.000000
223.767180 -45.129718 -3.438590 -3.429159 -0.009431 4.398916 0.000000
135.000000 44.558824 9.259290 2.507950 6.751340 35.653449 -50.000000
135.000000 43.676471 11.254316 0.989740 10.264576 36.189870 -50.000000
135.000000 42.794118 12.676110 -0.005182 12.681293 36.717709 -50.000000
135.000000 41.911765 13.775559 -0.705085 14.480644 37.236841 -50.000000
135.000000 41.029412 14.650079 -1.199618 15.849697 37.747141 -50.000000
135.000000 40.147059 15.347448 -1.532527 16.879975 38.248490 -50.000000
135.000000 39.264706 15.893610 -1.727244 17.620854 38.740768 -50.000000
135.000000 38.382353 16.302748 -1.796205 18.098954 39.223858 -50.000000
135.000000 37.500000 16.581518 -1.744759 18.326278 39.697646 -50.000000
135.000000 36.617647 16.730825 -1.572759 18.303584 40.162020 -50.000000
135.000000 35.735294 16.746237 -1.274870 18.021108 40.616869 -50.000000
135.000000 34.852941 16.617305 -0.839798 17.457103 41.062085 -50.000000
135.000000 33.970588 16.325437 -0.248084 16.573521 41.497564 -50.000000
135.000000 33.088235 15.839137 0.532772 15.306365 41.923201 -50.000000
135.000000 32.205882 15.102986 1.559541 13.543444 42.338896 -50.000000
135.000000 31.323529 14.007935 2.943527 11.064408 42.744550 -50.000000
135.000000 30.441176 12.284499 4.959761 7.324739 43.140068 -50.000000
135.000000 14.558824 16.526502 3.882667 12.643835 48.431078 -50.000000
135.000000 13.676471 20.067771 0.399346 19.668425 48.619031 -50.000000
135.000000 12.794118 22.689491 -2.158864 24.848355 48.795454 -50.000000
135.000000 11.911765 24.822127 -4.228159 29.050286 48.960305 -50.000000
135.000000 11.029412 26.638353 -5.983378 32.621731 49.113545 -50.000000
135.000000 10.147059 28.226695 -7.514198 35.740893 49.255137 -50.000000
135.000000 9.264706 29.639436 -8.873606 38.513042 49.385049 -50.000000
135.000000 8.382353 30.910419 -10.095929 41.006348 49.503248 -50.000000
135.000000 7.500000 32.063015 -11.204876 43.267892 49.609707 -50.000000
135.000000 6.617647 33.114145 -12.217627 45.331772 49.704402 -50.000000
135.000000 5.735294 34.076518 -13.147087 47.223606 49.787309 -50.000000
135.000000 4.852941 34.959960 -14.003240 48.963199 49.858408 -50.000000
135.000000 3.970588 35.772244 -14.793984 50.566228 49.917683 -50.000000
135.000000 3.088235 36.519633 -15.525688 52.045321 49.965120 -50.000000
135.000000 2.205882 37.207254 -16.203562 53.410816 50.000708 -50.000000
135.000000 1.323529 37.839355 -16.831930 54.671285 50.024438 -50.000000
135.000000 0.441176 38.419501 -17.414415 55.833916 50.036304 -50.000000
135.000000 -0.441176 38.950706 -17.954086 56.904792 50.036304 -50.000000
135.000000 -1.323529 39.435543 -18.453559 57.889102 50.024438 -50.000000
135.000000 -2.205882 39.876219 -18.915082 58.791301 50.000708 -50.000000
135.000000 -3.088235 40.274640 -19.340594 59.615234 49.965120 -50.000000
135.000000 -3.970588 40.632457 -19.731774 60.364231 49.917683 -50.000000
135.000000 -4.852941 40.951105 -20.090084 61.041189 49.858408 -50.000000
135.000000 -5.735294 41.231833 -20.416794 61.648627 49.787309 -50.000000
135.000000 -6.617647 41.475730 -20.713014 62.188744 49.704402 -50.000000
135.000000 -7.500000 41.683743 -20.979708 62.663451 49.609707 -50.000000
135.000000 -8.382353 41.856695 -21.217713 63.074408 49.503248 -50.000000
135.000000 -9.264706 41.995297 -21.427754 63.423051 49.385049 -50.000000
135.000000 -10.147059 42.100160 -21.610455 63.710614 49.255137 -50.000000
135.000000 -11.029412 42.171802 -21.766343 63.938145 49.113545 -50.000000
135.000000 -11.911765 42.210657 -21.895863 64.106520 48.960305 -50.000000
135.000000 -12.794118 42.217080 -21.999379 64.216459 48.795454 -50.000000
135.000000 -13.676471 42.191350 -22.077179 64.268529 48.619031 -50.000000
135.000000 -14.558824 42.133675 -22.129480 64.263155 48.431078 -50.000000
135.000000 -15.441176 42.044194 -22.156428 64.200622 48.231639 -50.000000
135.000000 -16.323529 41.922976 -22.158103 64.081079 48.020762 -50.000000
135.000000 -17.205882 41.770023 -22.134517 63.904540 47.798496 -50.000000
135.000000 -18.088235 41.585268 -22.085614 63.670882 47.564895 -50.000000
135.000000 -18.970588 41.368574 -22.011268 63.379842 47.320014 -50.000000
135.000000 -19.852941 41.119731 -21.911283 63.031014 47.063911 -50.000000
135.000000 -20.735294 40.838451 -21.785388 62.623839 46.796646 -50.000000
135.000000 -21.617647 40.524365 -21.633233 62.157598 46.518283 -50.000000
135.000000 -22.500000 40.177017 -21.454383 61.631400 46.228888 -50.000000
135.000000 -23.382353 39.795853 -21.248311 61.044165 45.928530 -50.000000
135.000000 -24.264706 39.380216 -21.014388 60.394604 45.617279 -50.000000
135.000000 -25.147059 38.929327 -20.751874 59.681201 45.295210 -50.000000
135.000000 -26.029412 38.442279 -20.459901 58.902180 44.962400 -50.000000
135.000000 -26.911765 37.918010 -20.137458 58.055468 44.618926 -50.000000
135.000000 -27.794118 37.355286 -19.783370 57.138656 44.264871 -50.000000
135.000000 -28.676471 36.752673 -19.396269 56.148941 43.900318 -50.000000
135.000000 -29.558824 36.108495 -18.974563 55.083058 43.525354 -50.000000
135.000000 -30.441176 35.420800 -18.516393 53.937193 43.140068 -50.000000
135.000000 -31.323529 34.687294 -18.019580 52.706873 42.744550 -50.000000
135.000000 -32.205882 33.905271 -17.481553 51.386824 42.338896 -50.000000
135.000000 -33.088235 33.071520 -16.899259 49.970778 41.923201 -50.000000
135.000000 -33.970588 32.182189 -16.269039 48.451228 41.497564 -50.000000
135.000000 -34.852941 31.232615 -15.586463 46.819078 41.062085 -50.000000
135.000000 -35.735294 30.217081 -14.846093 45.063175 40.616869 -50.000000
135.000000 -36.617647 29.128466 -14.041154 43.169620 40.162020 -50.000000
135.000000 -37.500000 27.957742 -13.163045 41.120787 39.697646 -50.000000
135.000000 -38.382353 26.693199 -12.200599 38.893798 39.223858 -50.000000
135.000000 -39.264706 25.319204 -11.138877 36.458081 38.740768 -50.000000
135.000000 -40.147059 23.814104 -9.957147 33.771251 38.248490 -50.000000
135.000000 -41.029412 22.146438 -8.625213 30.771651 37.747141 -50.000000
135.000000 -41.911765 20.267418 -7.096131 27.363550 37.236841 -50.000000
135.000000 -42.794118 18.093969 -5.289800 23.383769 36.717709 -50.000000
135.000000 -43.676471 15.462514 -3.048518 18.511032 36.189870 -50.000000
135.000000 -44.558824 11.957121 0.024875 11.932246 35.653449 -50.000000
