-1.652635
-1.695180
-1.740210
-1.784192
-1.826720
-1.867659
-1.906933
-1.944491
-1.980290
-2.014292
-2.046463
-2.076772
-2.105189
-2.131689
-2.156246
-2.178838
-2.199442
-2.218041
-2.234617
-2.249155
-2.261642
-2.272065
-2.280416
-2.286686
-2.290871
-2.292965
-2.292968
-2.290878
-2.286699
-2.280434
-2.272089
-2.261670
-2.249189
-2.234656
-2.218086
-2.199492
-2.178892
-2.156306
-2.131754
-2.105259
-2.076846
-2.046542
-2.014376
-1.980378
-1.944584
-1.907030
-1.867759
-1.826824
-1.784298
-1.740318
-1.695287
-1.652722
-0.250955
-0.201067
-0.151002
-0.100771
-0.050403
0.000067
0.050606
0.101199
0.151906
0.203689
-0.202188
-0.150903
-0.100583
-0.050270
0.000108
0.050561
0.101148
0.152722
-0.202005
-0.150859
-0.100563
-0.050265
0.000095
0.050520
0.101076
0.152710
-0.252595
-0.201393
-0.151108
-0.100751
-0.050198
0.001566
0.052862
0.103993
0.156432
0.671290
1.434872
1.451021
1.471262
1.491694
1.511934
1.531886
1.551510
1.570787
1.589705
1.608252
1.626421
1.644203
1.661589
1.678565
1.695104
1.711117
1.725815
2.003847
2.034689
2.064470
2.092602
2.119005
2.143647
2.166519
2.187669
2.207729
1.937490
1.946220
1.953517
1.960215
1.966404
1.972106
1.977330
1.982079
1.986353
1.990154
1.993481
1.996333
1.998711
2.000615
2.002043
2.002996
2.003473
2.003476
2.003002
2.002054
2.000631
1.998733
1.996361
1.993515
1.990197
1.986407
1.982145
1.977414
1.972213
1.966545
1.960411
1.953812
1.946749
1.939225
1.931241
1.922799
1.913901
1.904550
1.894747
1.884494
1.873795
1.862652
1.851068
1.839045
1.826585
1.813694
1.800372
1.786624
1.772453
1.757862
1.742855
1.727436
1.711608
1.695376
1.678743
1.661714
1.644293
1.626486
1.608297
1.589732
1.570798
1.551502
1.531855
1.511871
1.491581
1.471061
1.450645
1.434025
1.078904
0.214899
0.161253
0.109344
0.056617
0.002919
-0.048481
-0.099652
-0.150764
-0.202838
0.201593
0.150417
0.100173
0.049915
-0.000422
-0.050844
-0.101408
-0.152964
0.201524
0.150446
0.100202
0.049942
-0.000396
-0.050819
-0.101397
-0.153087
0.252325
0.201141
0.150889
0.100608
0.050231
-0.000227
-0.050735
-0.101259
-0.151779
-0.202389
-50.062341
-76.113924
-94.024748
-107.358125
-117.502348
-125.136166
-130.625650
-134.168124
-135.852557
-135.684574
-133.591821
-129.413127
-122.866470
-113.477442
-100.414086
-82.041290
-54.310775
-93.697127
-145.779942
-184.166841
-215.301694
-241.763321
-264.873204
-285.411716
-303.884113
-320.639308
-335.929989
-349.945965
-362.834008
-374.710258
-385.668293
-395.784703
-405.123002
-413.736443
-421.670101
-428.962417
-435.646398
-441.750525
-447.299482
-452.314719
-456.814916
-460.816345
-464.333174
-467.377704
-469.960574
-472.090920
-473.776505
-475.023831
-475.838218
-476.223876
-476.183948
-475.720551
-474.834788
-473.526761
-471.795557
-469.639234
-467.054776
-464.038048
-460.583722
-456.685191
-452.334452
-447.521971
-442.236505
-436.464891
-430.191784
-423.399329
-416.066757
-408.169877
-399.680437
-390.565298
-380.785376
-370.294242
-359.036263
-346.944062
-333.934982
-319.906054
-304.726667
-288.227296
-270.181389
-250.274828
-228.050632
-202.799124
-173.310202
-137.199596
-88.420571
