0.0000 0.0000 0.0000
0.0000 0.0000 0.0000
0.0000 0.0000 0.0000
0.0000 0.0000 0.0000
0.0000 0.0000 0.0000
0.0000 0.0000 0.0000
0.0000 0.0000 0.0000
0.0000 0.0000 0.0000
0.0000 0.0000 0.0000
0.0000 0.0000 0.0000
0.0000 0.0000 0.0000
0.0000 0.0000 0.0000
0.0000 0.0000 0.0000
0.0000 0.0000 0.0000
0.0000 0.0000 0.0000
0.0000 0.0000 0.0000
0.0000 0.0000 0.0000
0.0000 0.0000 0.0000
0.0000 0.0000 0.0000
0.0000 0.0000 0.0000
0.0000 0.0000 0.0000
0.0000 0.0000 0.0000
0.0000 0.0000 0.0000
0.0000 0.0000 0.0000
0.0000 0.0000 0.0000
218.4048 58.4497 32.1585
217.0149 57.9322 33.6860
215.6656 57.3996 33.2823
214.3559 56.8526 36.9742
213.0849 56.2919 37.8779
211.8517 55.7181 39.5202
210.6550 55.1320 36.5910
209.4939 54.5341 40.4179
208.3671 53.9250 42.1133
207.2736 53.3053 43.7723
204.3801 52.3459 51.6692
202.9977 52.1298 53.9494
201.6295 51.8973 54.8842
200.2760 51.6486 55.1137
198.9380 51.3841 59.0479
197.6161 51.1041 59.4153
196.3108 50.8089 60.0425
195.0225 50.4990 64.8525
193.7517 50.1745 65.0837
192.4987 49.8360 65.4375
191.2638 49.4837 69.4795
188.3903 49.1594 69.3901
187.1090 49.2155 63.9788
185.8252 49.2570 60.6842
184.5395 49.2837 60.6768
183.2529 49.2958 59.6814
181.9660 49.2931 59.3235
180.6797 49.2758 59.2631
179.3947 49.2437 58.1542
178.1119 49.1969 57.2102
175.2905 49.5406 49.7132
174.0564 49.8889 49.7150
172.8044 50.2235 68.0431
171.5349 50.5440 61.5365
170.2481 50.8500 110.3646
168.9445 51.1413 109.9407
0.0000 0.0000 0.0000
0.0000 0.0000 0.0000
0.0000 0.0000 0.0000
166.4510 53.6787 105.2872
165.5835 53.0101 105.2872
164.7430 52.3351 106.6070
163.9285 51.6540 106.1949
163.1388 50.9672 107.4591
162.3727 50.2749 108.6838
161.6291 49.5775 108.6838
160.9072 48.8752 109.9108
160.2058 48.1682 113.4662
159.5241 47.4569 115.6466
157.8637 46.2694 120.8701
156.9130 45.7990 120.2826
155.9787 45.3206 121.2561
155.0605 44.8343 120.7345
154.1581 44.3405 121.5554
153.2713 43.8393 121.0091
152.3996 43.3311 121.7837
151.5429 42.8161 121.7837
150.5381 42.2266 122.9634
149.6160 41.6954 122.6558
148.7096 41.1565 124.4919
147.8184 40.6104 128.6154
146.9421 40.0571 129.8860
147.0375 40.1557 129.8860
146.6142 39.3858 131.4940
146.2006 38.6143 130.9932
145.7964 37.8411 132.6590
145.4010 37.0665 133.4734
145.0141 36.2904 135.2132
144.6354 35.5129 135.2132
144.2644 34.7341 136.2828
143.9008 33.9540 135.5425
143.9347 34.1603 135.5425
144.0930 33.2916 132.8844
144.2487 32.4227 132.3677
144.4020 31.5538 132.3677
144.5531 30.6847 136.4373
144.7019 29.8156 136.9001
144.8488 28.9463 139.2545
144.9937 28.0770 142.1956
145.1368 27.2076 143.7064
145.2782 26.3381 142.6644
145.4181 25.4685 139.3246
145.3478 25.6193 142.6644
145.9431 24.9115 145.2814
146.5321 24.2018 146.4290
147.1150 23.4900 142.4574
147.6920 22.7764 149.7212
148.2634 22.0611 144.3988
148.8295 21.3441 145.4341
149.5419 19.4913 151.1149
149.5801 18.6990 151.1149
149.6183 17.9066 152.5570
149.6565 17.1143 154.1725
149.6949 16.3220 155.2532
149.7333 15.5297 155.2532
148.8238 13.3053 157.0318
148.2485 12.7618 155.7473
147.6759 12.2168 156.7717
147.1059 11.6704 155.4694
146.5384 11.1226 156.4949
145.9734 10.5735 155.1736
144.2133 9.6702 152.6752
143.4264 9.5258 134.3736
142.6403 9.3793 146.6189
141.8550 9.2307 111.3202
0.0000 0.0000 0.0000
0.0000 0.0000 0.0000
0.0000 0.0000 0.0000
0.0000 0.0000 0.0000
0.0000 0.0000 0.0000
0.0000 0.0000 0.0000
0.0000 0.0000 0.0000
0.0000 0.0000 0.0000
0.0000 0.0000 0.0000
0.0000 0.0000 0.0000
0.0000 0.0000 0.0000
134.3168 1.7352 13.6519
135.1387 1.4644 24.4575
135.9606 1.1937 33.4974
136.7824 0.9232 33.8267
137.6042 0.6530 34.0364
138.4262 0.3830 34.0364
139.2481 0.1135 34.0364
140.0703 -0.1557 32.2169
140.8925 -0.4244 32.2169
141.7150 -0.6926 32.2169
142.5378 -0.9602 32.2169
0.0000 0.0000 0.0000
0.0000 0.0000 0.0000
0.0000 0.0000 0.0000
0.0000 0.0000 0.0000
148.3826 -9.1976 32.2169
149.1823 -8.9647 32.2169
149.9811 -8.7304 32.2169
150.7790 -8.4948 32.2169
151.5761 -8.2581 32.2169
152.3723 -8.0201 32.2169
153.1677 -7.7811 32.2169
152.2878 -7.6803 32.2169
153.0482 -8.1426 32.2169
153.8100 -8.6039 32.2169
154.5735 -9.0641 32.2169
155.3386 -9.5232 32.2169
156.1056 -9.9809 32.2169
156.8745 -10.4374 32.2169
157.6453 -10.8924 32.2169
158.4183 -11.3459 32.2169
159.1935 -11.7977 32.2169
159.9710 -12.2479 32.2169
160.7509 -12.6964 32.2169
0.0000 0.0000 0.0000
0.0000 0.0000 0.0000
163.3516 -11.9354 31.5712
163.6784 -12.7132 31.5712
164.0068 -13.4907 31.5712
164.3369 -14.2680 31.5712
164.6689 -15.0449 31.5712
165.0029 -15.8216 41.7244
165.3391 -16.5979 41.7244
165.6775 -17.3738 42.2354
166.0184 -18.1494 39.7922
166.3620 -18.9244 39.7922
166.7083 -19.6991 39.7922
167.0575 -20.4732 39.7922
167.4099 -21.2467 39.7922
167.7655 -22.0198 39.7922
168.1246 -22.7922 39.7922
170.6697 -24.3945 28.6564
171.4933 -24.4073 28.6564
172.3171 -24.4160 27.0829
173.1409 -24.4205 26.5926
0.0000 0.0000 0.0000
0.0000 0.0000 0.0000
0.0000 0.0000 0.0000
0.0000 0.0000 0.0000
0.0000 0.0000 0.0000
0.0000 0.0000 0.0000
0.0000 0.0000 0.0000
0.0000 0.0000 0.0000
0.0000 0.0000 0.0000
0.0000 0.0000 0.0000
190.0399 -16.1574 109.8308
189.8156 -16.9291 108.0597
189.5899 -17.7007 106.2668
189.3627 -18.4721 105.1351
189.1338 -19.2434 103.8813
188.9031 -20.0145 102.1806
188.6706 -20.7854 100.1411
188.4361 -21.5561 95.5727
188.2106 -22.3259 95.5727
187.9673 -23.1851 93.3450
187.7215 -24.0441 91.0157
187.4728 -24.9029 87.8143
187.2212 -25.7613 87.3220
186.9664 -26.6194 94.7696
186.7084 -27.4772 94.7696
186.4468 -28.3346 101.3532
186.1754 -29.2015 103.8004
185.9007 -30.0562 105.9358
185.6218 -30.9103 106.9633
185.3384 -31.7640 110.5640
185.0503 -32.6172 110.6575
184.7573 -33.4699 110.6575
184.1954 -34.6343 115.3522
183.7195 -35.3712 115.3522
183.2354 -36.1065 118.4975
182.7425 -36.8399 120.4302
182.2407 -37.5715 121.6149
181.7293 -38.3011 121.6149
181.2081 -39.0286 122.5971
180.6765 -39.7540 123.2234
180.1342 -40.4771 123.4015
179.5805 -41.1978 123.4015
177.8829 -42.4633 123.4015
176.9483 -42.8510 123.4015
176.0022 -43.2314 123.4015
175.0446 -43.6042 123.4015
174.0754 -43.9692 123.4015
173.0946 -44.3264 123.4015
172.1022 -44.6753 123.4015
0.0000 0.0000 0.0000
0.0000 0.0000 0.0000
163.7862 -43.9873 69.7172
163.3239 -44.6975 69.7172
162.8497 -45.4056 69.7172
162.3630 -46.1115 57.4531
161.8631 -46.8152 43.2358
161.3496 -47.5164 39.8282
160.8216 -48.2152 39.8282
0.0000 0.0000 0.0000
0.0000 0.0000 0.0000
0.0000 0.0000 0.0000
0.0000 0.0000 0.0000
0.0000 0.0000 0.0000
0.0000 0.0000 0.0000
0.0000 0.0000 0.0000
0.0000 0.0000 0.0000
0.0000 0.0000 0.0000
0.0000 0.0000 0.0000
0.0000 0.0000 0.0000
0.0000 0.0000 0.0000
0.0000 0.0000 0.0000
0.0000 0.0000 0.0000
0.0000 0.0000 0.0000
0.0000 0.0000 0.0000
0.0000 0.0000 0.0000
0.0000 0.0000 0.0000
0.0000 0.0000 0.0000
0.0000 0.0000 0.0000
0.0000 0.0000 0.0000
0.0000 0.0000 0.0000
0.0000 0.0000 0.0000
0.0000 0.0000 0.0000
0.0000 0.0000 0.0000
0.0000 0.0000 0.0000
0.0000 0.0000 0.0000
0.0000 0.0000 0.0000
0.0000 0.0000 0.0000
0.0000 0.0000 0.0000
0.0000 0.0000 0.0000
0.0000 0.0000 0.0000
0.0000 0.0000 0.0000
0.0000 0.0000 0.0000
0.0000 0.0000 0.0000
0.0000 0.0000 0.0000
0.0000 0.0000 0.0000
0.0000 0.0000 0.0000
0.0000 0.0000 0.0000
0.0000 0.0000 0.0000
0.0000 0.0000 0.0000
0.0000 0.0000 0.0000
0.0000 0.0000 0.0000
0.0000 0.0000 0.0000
0.0000 0.0000 0.0000
0.0000 0.0000 0.0000
0.0000 0.0000 0.0000
0.0000 0.0000 0.0000
0.0000 0.0000 0.0000
0.0000 0.0000 0.0000
0.0000 0.0000 0.0000
0.0000 0.0000 0.0000
0.0000 0.0000 0.0000
0.0000 0.0000 0.0000
0.0000 0.0000 0.0000
0.0000 0.0000 0.0000
0.0000 0.0000 0.0000
0.0000 0.0000 0.0000
0.0000 0.0000 0.0000
0.0000 0.0000 0.0000
0.0000 0.0000 0.0000
0.0000 0.0000 0.0000
0.0000 0.0000 0.0000
0.0000 0.0000 0.0000
0.0000 0.0000 0.0000
0.0000 0.0000 0.0000
0.0000 0.0000 0.0000
0.0000 0.0000 0.0000
0.0000 0.0000 0.0000
0.0000 0.0000 0.0000
0.0000 0.0000 0.0000
0.0000 0.0000 0.0000
0.0000 0.0000 0.0000
0.0000 0.0000 0.0000
0.0000 0.0000 0.0000
0.0000 0.0000 0.0000
0.0000 0.0000 0.0000
0.0000 0.0000 0.0000
0.0000 0.0000 0.0000
0.0000 0.0000 0.0000
0.0000 0.0000 0.0000
0.0000 0.0000 0.0000
0.0000 0.0000 0.0000
0.0000 0.0000 0.0000
0.0000 0.0000 0.0000
0.0000 0.0000 0.0000
0.0000 0.0000 0.0000
0.0000 0.0000 0.0000
0.0000 0.0000 0.0000
0.0000 0.0000 0.0000
0.0000 0.0000 0.0000
0.0000 0.0000 0.0000
0.0000 0.0000 0.0000
0.0000 0.0000 0.0000
0.0000 0.0000 0.0000
139.7159 33.1264 18.1759
138.9559 32.6471 18.1759
138.2042 32.1629 18.1759
137.4609 31.6740 18.1759
136.7256 31.1806 18.1759
135.9982 30.6827 17.5285
135.2787 30.1805 22.2889
134.5667 29.6741 22.2889
134.3074 29.4249 22.2889
133.7137 28.7105 22.2889
133.1285 27.9932 54.6621
132.5515 27.2733 62.9775
131.9824 26.5507 72.1956
131.4208 25.8256 75.4073
130.8666 25.0980 75.4073
130.3193 24.3682 65.0845
129.0204 23.2010 59.7323
128.2660 22.7500 57.8900
127.5168 22.2951 54.6993
126.7727 21.8364 52.8627
124.8841 21.2336 44.9677
123.9881 21.1673 42.3164
123.0929 21.0959 39.7912
122.1987 21.0194 39.7912
121.3054 20.9378 39.7912
118.4014 22.8755 39.7912
118.2475 22.0743 39.7912
118.0949 21.2730 39.7912
117.9436 20.4716 39.7912
117.7934 19.6701 39.7912
117.6443 18.8686 39.7912
117.4962 18.0671 24.9860
117.3489 17.2655 24.9860
117.2026 16.4639 21.0939
0.0000 0.0000 0.0000
0.0000 0.0000 0.0000
0.0000 0.0000 0.0000
125.5181 16.5423 39.2636
125.9905 15.9550 45.6196
126.4603 15.3669 54.3276
126.9279 14.7779 48.9762
127.6281 13.3448 57.1818
127.8267 12.5551 57.1818
128.0245 11.7654 61.5618
128.2215 10.9756 65.3390
128.4179 10.1858 68.7430
128.6137 9.3960 67.3590
128.8090 8.6061 67.3590
129.0040 7.8163 69.9237
129.1985 7.0265 72.9406
129.3928 6.2367 76.2097
129.5593 5.7479 76.2097
129.9065 4.9361 76.2097
130.2533 4.1244 22.7982
130.5999 3.3127 22.7982
130.9463 2.5010 22.7982
0.0000 0.0000 0.0000
0.0000 0.0000 0.0000
0.0000 0.0000 0.0000
233.4369 39.9826 12.3286
233.1806 40.8417 1.2993
232.9170 41.7001 0.6179
232.6457 42.5578 0.8820
232.3661 43.4147 2.7835
232.0779 44.2709 2.4771
231.7804 45.1262 3.4801
231.6630 45.3235 3.4801
231.0162 46.0310 1.6029
230.3521 46.7346 1.8899
229.6700 47.4340 1.8899
228.9691 48.1290 5.0367
228.2484 48.8194 7.6453
227.5070 49.5049 6.0612
226.7442 50.1854 9.5749
0.0000 0.0000 0.0000
0.0000 0.0000 0.0000
0.0000 0.0000 0.0000
0.0000 0.0000 0.0000
0.0000 0.0000 0.0000
0.0000 0.0000 0.0000
0.0000 0.0000 0.0000
0.0000 0.0000 0.0000
0.0000 0.0000 0.0000
0.0000 0.0000 0.0000
0.0000 0.0000 0.0000
0.0000 0.0000 0.0000
0.0000 0.0000 0.0000
0.0000 0.0000 0.0000
0.0000 0.0000 0.0000
0.0000 0.0000 0.0000
0.0000 0.0000 0.0000
0.0000 0.0000 0.0000
0.0000 0.0000 0.0000
281.3085 -44.9110 1.8513
281.5271 -44.0327 7.8887
281.7387 -43.1539 9.7397
281.9436 -42.2747 11.7153
282.1422 -41.3950 18.3677
282.3349 -40.5149 18.3677
282.5220 -39.6344 21.6872
282.7037 -38.7535 27.6265
282.8804 -37.8723 29.1550
283.0524 -36.9908 29.9473
283.3098 -35.9598 30.7407
283.5536 -35.1687 32.5703
283.7922 -34.3769 33.3969
284.0259 -33.5846 33.3969
284.2548 -32.7918 34.2339
284.4793 -31.9985 35.0680
284.6994 -31.2046 37.3544
284.9154 -30.4104 41.8113
285.1652 -29.5312 41.8113
285.4169 -28.6771 42.5378
285.6640 -27.8225 44.0299
285.9068 -26.9673 44.5363
286.1453 -26.1116 45.0417
286.3799 -25.2554 45.5465
286.4562 -24.7951 45.5465
286.4998 -23.9620 46.1201
286.5424 -23.1289 48.2474
286.5840 -22.2958 49.7543
286.6246 -21.4626 51.0140
286.6644 -20.6294 51.0140
286.7032 -19.7962 52.2385
287.1440 -20.7316 51.0140
286.5018 -20.2087 52.2385
285.8637 -19.6838 49.5453
285.2294 -19.1569 48.2182
284.5990 -18.6282 48.2182
283.9722 -18.0976 47.2959
283.3489 -17.5654 45.1954
282.5295 -16.7423 43.5389
281.9450 -16.0577 43.0725
281.3640 -15.3718 40.8322
280.7865 -14.6847 40.8322
280.2122 -13.9965 38.6306
279.6409 -13.3072 39.0231
279.0725 -12.6170 37.6062
278.3202 -11.3317 31.4452
278.0259 -10.5579 31.4452
277.7326 -9.7841 28.0980
277.4403 -9.0101 27.0441
277.1489 -8.2361 27.6537
276.8581 -7.4620 28.2480
276.5681 -6.6879 28.2480
276.2785 -5.9137 27.5336
276.1431 -3.9830 28.6709
276.3207 -3.1746 26.7287
276.4976 -2.3660 17.2593
276.6738 -1.5574 22.3831
276.8496 -0.7486 15.5900
277.0248 0.0603 11.9640
277.1997 0.8692 8.8400
277.6870 2.1760 8.8400
278.0763 2.8827 8.8400
278.4658 3.5894 8.8400
278.8555 4.2962 8.8400
279.2456 5.0030 8.8400
279.6362 5.7097 8.8400
280.0274 6.4164 8.8400
280.0787 5.0698 8.8400
279.7534 5.6326 8.8400
279.4272 6.1951 8.8400
0.0000 0.0000 0.0000
0.0000 0.0000 0.0000
0.0000 0.0000 0.0000
0.0000 0.0000 0.0000
0.0000 0.0000 0.0000
0.0000 0.0000 0.0000
0.0000 0.0000 0.0000
0.0000 0.0000 0.0000
0.0000 0.0000 0.0000
0.0000 0.0000 0.0000
0.0000 0.0000 0.0000
0.0000 0.0000 0.0000
0.0000 0.0000 0.0000
0.0000 0.0000 0.0000
0.0000 0.0000 0.0000
0.0000 0.0000 0.0000
0.0000 0.0000 0.0000
0.0000 0.0000 0.0000
275.6045 5.9949 11.5118
274.9514 6.5176 14.4076
274.2968 7.0390 15.1614
273.6403 7.5592 17.1490
272.9821 8.0781 18.0322
272.3219 8.5956 21.5856
271.6596 9.1116 21.5856
270.9951 9.6261 22.2027
270.7055 9.8026 22.2027
269.9789 10.1298 21.1085
269.2507 10.4551 20.8601
268.5208 10.7784 22.1756
267.7891 11.0996 21.4366
267.0557 11.4187 20.6593
266.1689 11.8549 20.6900
265.5116 12.2189 20.6900
264.8523 12.5810 20.2602
264.1910 12.9412 20.2572
263.5276 13.2995 20.2572
263.1711 13.4458 16.7983
262.3924 13.6875 12.7316
261.6120 13.9265 12.7316
260.8298 14.1627 11.3624
260.0459 14.3959 8.1406
259.2603 14.6261 6.9527
258.4729 14.8534 5.0830
257.6838 15.0776 5.0830
256.5201 15.5272 4.1253
255.7363 15.9108 2.4344
254.9494 16.2913 0.6926
254.1592 16.6684 2.1728
252.6357 18.0897 2.7580
252.3188 18.6987 3.1380
251.9993 19.3071 3.1380
0.0000 0.0000 0.0000
0.0000 0.0000 0.0000
0.0000 0.0000 0.0000
0.0000 0.0000 0.0000
0.0000 0.0000 0.0000
0.0000 0.0000 0.0000
0.0000 0.0000 0.0000
0.0000 0.0000 0.0000
0.0000 0.0000 0.0000
0.0000 0.0000 0.0000
0.0000 0.0000 0.0000
0.0000 0.0000 0.0000
0.0000 0.0000 0.0000
0.0000 0.0000 0.0000
0.0000 0.0000 0.0000
0.0000 0.0000 0.0000
303.9861 10.3497 94.5645
304.0979 11.1172 94.5645
304.2106 11.8846 88.5330
304.3243 12.6519 80.7313
304.4391 13.4191 80.7313
304.1311 15.3314 68.3891
303.7724 16.0392 67.2397
303.4115 16.7466 68.7701
303.0483 17.4536 68.7701
302.0569 18.6859 72.9453
301.4290 19.2063 77.3145
300.7975 19.7249 78.2236
300.1621 20.2416 82.7123
299.5227 20.7562 84.0485
297.5187 21.5217 92.9898
296.5757 21.5896 96.7365
295.6319 21.6527 100.4438
294.6873 21.7108 104.0753
293.7420 21.7642 107.9099
292.7960 21.8126 111.9201
291.8495 21.8561 116.1817
290.9024 21.8946 123.5824
289.9549 21.9282 123.5824
289.0070 21.9569 123.5824
0.0000 0.0000 0.0000
0.0000 0.0000 0.0000
0.0000 0.0000 0.0000
0.0000 0.0000 0.0000
0.0000 0.0000 0.0000
0.0000 0.0000 0.0000
0.0000 0.0000 0.0000
0.0000 0.0000 0.0000
0.0000 0.0000 0.0000
0.0000 0.0000 0.0000
0.0000 0.0000 0.0000
0.0000 0.0000 0.0000
0.0000 0.0000 0.0000
0.0000 0.0000 0.0000
0.0000 0.0000 0.0000
0.0000 0.0000 0.0000
0.0000 0.0000 0.0000
0.0000 0.0000 0.0000
0.0000 0.0000 0.0000
0.0000 0.0000 0.0000
0.0000 0.0000 0.0000
0.0000 0.0000 0.0000
0.0000 0.0000 0.0000
0.0000 0.0000 0.0000
0.0000 0.0000 0.0000
0.0000 0.0000 0.0000
0.0000 0.0000 0.0000
0.0000 0.0000 0.0000
0.0000 0.0000 0.0000
0.0000 0.0000 0.0000
0.0000 0.0000 0.0000
0.0000 0.0000 0.0000
0.0000 0.0000 0.0000
0.0000 0.0000 0.0000
0.0000 0.0000 0.0000
0.0000 0.0000 0.0000
0.0000 0.0000 0.0000
0.0000 0.0000 0.0000
329.0476 -52.7836 85.8017
330.2365 -52.9470 75.1181
331.4341 -53.0981 68.9491
332.6400 -53.2368 63.6777
333.8534 -53.3629 61.0956
337.2612 -54.7252 58.4787
337.9059 -55.3298 56.7725
338.5710 -55.9307 58.7019
339.2574 -56.5277 45.0130
339.7147 -59.0225 16.7935
339.1130 -59.8594 10.4017
338.4812 -60.6936 19.8000
0.0000 0.0000 0.0000
0.0000 0.0000 0.0000
0.0000 0.0000 0.0000
0.0000 0.0000 0.0000
0.0000 0.0000 0.0000
0.0000 0.0000 0.0000
0.0000 0.0000 0.0000
0.0000 0.0000 0.0000
0.0000 0.0000 0.0000
0.0000 0.0000 0.0000
0.0000 0.0000 0.0000
0.0000 0.0000 0.0000
0.0000 0.0000 0.0000
0.0000 0.0000 0.0000
0.0000 0.0000 0.0000
0.0000 0.0000 0.0000
0.0000 0.0000 0.0000
0.0000 0.0000 0.0000
0.0000 0.0000 0.0000
0.0000 0.0000 0.0000
0.0000 0.0000 0.0000
0.0000 0.0000 0.0000
0.0000 0.0000 0.0000
0.0000 0.0000 0.0000
0.0000 0.0000 0.0000
0.0000 0.0000 0.0000
0.0000 0.0000 0.0000
0.0000 0.0000 0.0000
0.0000 0.0000 0.0000
0.0000 0.0000 0.0000
0.0000 0.0000 0.0000
0.0000 0.0000 0.0000
0.0000 0.0000 0.0000
0.0000 0.0000 0.0000
0.0000 0.0000 0.0000
0.0000 0.0000 0.0000
0.0000 0.0000 0.0000
0.0000 0.0000 0.0000
0.0000 0.0000 0.0000
0.0000 0.0000 0.0000
0.0000 0.0000 0.0000
0.0000 0.0000 0.0000
0.0000 0.0000 0.0000
0.0000 0.0000 0.0000
0.0000 0.0000 0.0000
0.0000 0.0000 0.0000
0.0000 0.0000 0.0000
0.0000 0.0000 0.0000
0.0000 0.0000 0.0000
0.0000 0.0000 0.0000
0.0000 0.0000 0.0000
0.0000 0.0000 0.0000
0.0000 0.0000 0.0000
0.0000 0.0000 0.0000
0.0000 0.0000 0.0000
0.0000 0.0000 0.0000
0.0000 0.0000 0.0000
0.0000 0.0000 0.0000
0.0000 0.0000 0.0000
0.0000 0.0000 0.0000
0.0000 0.0000 0.0000
0.0000 0.0000 0.0000
0.0000 0.0000 0.0000
0.0000 0.0000 0.0000
0.0000 0.0000 0.0000
0.0000 0.0000 0.0000
0.0000 0.0000 0.0000
0.0000 0.0000 0.0000
0.0000 0.0000 0.0000
0.0000 0.0000 0.0000
0.0000 0.0000 0.0000
0.0000 0.0000 0.0000
0.0000 0.0000 0.0000
0.0000 0.0000 0.0000
0.0000 0.0000 0.0000
0.0000 0.0000 0.0000
0.0000 0.0000 0.0000
0.0000 0.0000 0.0000
0.0000 0.0000 0.0000
0.0000 0.0000 0.0000
0.0000 0.0000 0.0000
0.0000 0.0000 0.0000
0.0000 0.0000 0.0000
0.0000 0.0000 0.0000
0.0000 0.0000 0.0000
0.0000 0.0000 0.0000
0.0000 0.0000 0.0000
0.0000 0.0000 0.0000
0.0000 0.0000 0.0000
0.0000 0.0000 0.0000
0.0000 0.0000 0.0000
0.0000 0.0000 0.0000
0.0000 0.0000 0.0000
0.0000 0.0000 0.0000
0.0000 0.0000 0.0000
0.0000 0.0000 0.0000
0.0000 0.0000 0.0000
0.0000 0.0000 0.0000
0.0000 0.0000 0.0000
0.0000 0.0000 0.0000
0.0000 0.0000 0.0000
0.0000 0.0000 0.0000
0.0000 0.0000 0.0000
0.0000 0.0000 0.0000
0.0000 0.0000 0.0000
0.0000 0.0000 0.0000
0.0000 0.0000 0.0000
0.0000 0.0000 0.0000
0.0000 0.0000 0.0000
0.0000 0.0000 0.0000
0.0000 0.0000 0.0000
0.0000 0.0000 0.0000
0.0000 0.0000 0.0000
0.0000 0.0000 0.0000
0.0000 0.0000 0.0000
0.0000 0.0000 0.0000
0.0000 0.0000 0.0000
0.0000 0.0000 0.0000
0.0000 0.0000 0.0000
0.0000 0.0000 0.0000
0.0000 0.0000 0.0000
0.0000 0.0000 0.0000
0.0000 0.0000 0.0000
0.0000 0.0000 0.0000
0.0000 0.0000 0.0000
0.0000 0.0000 0.0000
0.0000 0.0000 0.0000
0.0000 0.0000 0.0000
0.0000 0.0000 0.0000
0.0000 0.0000 0.0000
0.0000 0.0000 0.0000
0.0000 0.0000 0.0000
0.0000 0.0000 0.0000
0.0000 0.0000 0.0000
0.0000 0.0000 0.0000
0.0000 0.0000 0.0000
0.0000 0.0000 0.0000
0.0000 0.0000 0.0000
0.0000 0.0000 0.0000
0.0000 0.0000 0.0000
0.0000 0.0000 0.0000
0.0000 0.0000 0.0000
0.0000 0.0000 0.0000
0.0000 0.0000 0.0000
0.0000 0.0000 0.0000
0.0000 0.0000 0.0000
0.0000 0.0000 0.0000
0.0000 0.0000 0.0000
0.0000 0.0000 0.0000
0.0000 0.0000 0.0000
0.0000 0.0000 0.0000
0.0000 0.0000 0.0000
0.0000 0.0000 0.0000
0.0000 0.0000 0.0000
0.0000 0.0000 0.0000
0.0000 0.0000 0.0000
0.0000 0.0000 0.0000
0.0000 0.0000 0.0000
0.0000 0.0000 0.0000
0.0000 0.0000 0.0000
0.0000 0.0000 0.0000
0.0000 0.0000 0.0000
0.0000 0.0000 0.0000
0.0000 0.0000 0.0000
0.0000 0.0000 0.0000
0.0000 0.0000 0.0000
0.0000 0.0000 0.0000
0.0000 0.0000 0.0000
0.0000 0.0000 0.0000
0.0000 0.0000 0.0000
0.0000 0.0000 0.0000
0.0000 0.0000 0.0000
0.0000 0.0000 0.0000
0.0000 0.0000 0.0000
0.0000 0.0000 0.0000
0.0000 0.0000 0.0000
0.0000 0.0000 0.0000
0.0000 0.0000 0.0000
0.0000 0.0000 0.0000
0.0000 0.0000 0.0000
0.0000 0.0000 0.0000
0.0000 0.0000 0.0000
0.0000 0.0000 0.0000
0.0000 0.0000 0.0000
0.0000 0.0000 0.0000
0.0000 0.0000 0.0000
0.0000 0.0000 0.0000
0.0000 0.0000 0.0000
0.0000 0.0000 0.0000
0.0000 0.0000 0.0000
0.0000 0.0000 0.0000
0.0000 0.0000 0.0000
0.0000 0.0000 0.0000
0.0000 0.0000 0.0000
0.0000 0.0000 0.0000
0.0000 0.0000 0.0000
0.0000 0.0000 0.0000
0.0000 0.0000 0.0000
0.0000 0.0000 0.0000
0.0000 0.0000 0.0000
0.0000 0.0000 0.0000
0.0000 0.0000 0.0000
0.0000 0.0000 0.0000
0.0000 0.0000 0.0000
0.0000 0.0000 0.0000
0.0000 0.0000 0.0000
0.0000 0.0000 0.0000
0.0000 0.0000 0.0000
0.0000 0.0000 0.0000
0.0000 0.0000 0.0000
0.0000 0.0000 0.0000
0.0000 0.0000 0.0000
0.0000 0.0000 0.0000
0.0000 0.0000 0.0000
0.0000 0.0000 0.0000
0.0000 0.0000 0.0000
0.0000 0.0000 0.0000
0.0000 0.0000 0.0000
0.0000 0.0000 0.0000
0.0000 0.0000 0.0000
0.0000 0.0000 0.0000
0.0000 0.0000 0.0000
0.0000 0.0000 0.0000
0.0000 0.0000 0.0000
0.0000 0.0000 0.0000
0.0000 0.0000 0.0000
0.0000 0.0000 0.0000
0.0000 0.0000 0.0000
0.0000 0.0000 0.0000
0.0000 0.0000 0.0000
0.0000 0.0000 0.0000
0.0000 0.0000 0.0000
0.0000 0.0000 0.0000
0.0000 0.0000 0.0000
0.0000 0.0000 0.0000
0.0000 0.0000 0.0000
0.0000 0.0000 0.0000
0.0000 0.0000 0.0000
0.0000 0.0000 0.0000
0.0000 0.0000 0.0000
0.0000 0.0000 0.0000
0.0000 0.0000 0.0000
0.0000 0.0000 0.0000
0.0000 0.0000 0.0000
0.0000 0.0000 0.0000
0.0000 0.0000 0.0000
0.0000 0.0000 0.0000
0.0000 0.0000 0.0000
0.0000 0.0000 0.0000
0.0000 0.0000 0.0000
0.0000 0.0000 0.0000
0.0000 0.0000 0.0000
0.0000 0.0000 0.0000
0.0000 0.0000 0.0000
0.0000 0.0000 0.0000
0.0000 0.0000 0.0000
0.0000 0.0000 0.0000
0.0000 0.0000 0.0000
0.0000 0.0000 0.0000
0.0000 0.0000 0.0000
0.0000 0.0000 0.0000
0.0000 0.0000 0.0000
0.0000 0.0000 0.0000
0.0000 0.0000 0.0000
0.0000 0.0000 0.0000
0.0000 0.0000 0.0000
0.0000 0.0000 0.0000
0.0000 0.0000 0.0000
0.0000 0.0000 0.0000
0.0000 0.0000 0.0000
0.0000 0.0000 0.0000
0.0000 0.0000 0.0000
35.8769 33.6694 69.9067
34.8771 33.5474 69.9067
33.8803 33.4169 69.9067
32.8867 33.2781 69.9067
31.8964 33.1309 69.9067
30.9096 32.9755 69.9067
29.9265 32.8120 69.9067
28.5964 32.6642 69.9067
27.6347 32.6093 69.9067
26.6744 32.5467 69.9067
25.7156 32.4765 69.9067
24.7583 32.3986 69.9067
23.8029 32.3130 69.9067
22.8494 32.2199 69.9067
20.5049 32.5834 69.9067
19.6026 32.9659 69.9067
18.6924 33.3414 69.9067
17.7740 33.7099 69.9067
16.8476 34.0711 69.9067
15.9132 34.4249 69.9067
14.9706 34.7711 69.9067
14.0200 35.1096 69.9067
13.0613 35.4402 69.9067
12.0946 35.7627 69.9067
0.0000 0.0000 0.0000
0.0000 0.0000 0.0000
0.0000 0.0000 0.0000
0.0000 0.0000 0.0000
0.0000 0.0000 0.0000
0.0000 0.0000 0.0000
0.0000 0.0000 0.0000
0.0000 0.0000 0.0000
0.0000 0.0000 0.0000
0.0000 0.0000 0.0000
0.0000 0.0000 0.0000
0.0000 0.0000 0.0000
0.0000 0.0000 0.0000
0.0000 0.0000 0.0000
0.0000 0.0000 0.0000
0.0000 0.0000 0.0000
0.0000 0.0000 0.0000
0.0000 0.0000 0.0000
0.0000 0.0000 0.0000
0.0000 0.0000 0.0000
0.0000 0.0000 0.0000
0.0000 0.0000 0.0000
0.0000 0.0000 0.0000
0.0000 0.0000 0.0000
0.0000 0.0000 0.0000
0.0000 0.0000 0.0000
0.0000 0.0000 0.0000
0.0000 0.0000 0.0000
0.0000 0.0000 0.0000
64.0339 22.3140 73.1132
63.0946 22.4326 69.9067
62.1536 22.5453 69.9067
61.2111 22.6520 69.9067
60.2672 22.7527 69.9067
59.3218 22.8474 69.9067
58.3751 22.9361 69.9067
57.4271 23.0186 69.9067
56.4780 23.0950 69.9067
0.0000 0.0000 0.0000
0.0000 0.0000 0.0000
0.0000 0.0000 0.0000
0.0000 0.0000 0.0000
0.0000 0.0000 0.0000
0.0000 0.0000 0.0000
0.0000 0.0000 0.0000
0.0000 0.0000 0.0000
0.0000 0.0000 0.0000
0.0000 0.0000 0.0000
0.0000 0.0000 0.0000
0.0000 0.0000 0.0000
0.0000 0.0000 0.0000
0.0000 0.0000 0.0000
0.0000 0.0000 0.0000
0.0000 0.0000 0.0000
0.0000 0.0000 0.0000
0.0000 0.0000 0.0000
0.0000 0.0000 0.0000
0.0000 0.0000 0.0000
0.0000 0.0000 0.0000
0.0000 0.0000 0.0000
0.0000 0.0000 0.0000
0.0000 0.0000 0.0000
0.0000 0.0000 0.0000
0.0000 0.0000 0.0000
0.0000 0.0000 0.0000
0.0000 0.0000 0.0000
0.0000 0.0000 0.0000
0.0000 0.0000 0.0000
0.0000 0.0000 0.0000
0.0000 0.0000 0.0000
0.0000 0.0000 0.0000
0.0000 0.0000 0.0000
93.3536 1.6861 59.1165
92.9645 2.4017 59.1165
92.5746 3.1169 62.4630
92.1839 3.8318 70.1228
91.7921 4.5464 70.7796
91.3992 5.2605 77.0128
91.0051 5.9742 78.6088
90.6095 6.6874 80.7353
90.2125 7.4001 80.4474
89.7754 9.2617 86.8855
89.8091 10.1588 89.7863
89.8425 11.0560 92.2577
89.8756 11.9532 94.7191
89.9084 12.8504 97.1687
89.9409 13.7476 99.5889
90.4200 15.4516 101.7219
90.8161 16.1270 101.7219
91.2146 16.8019 101.7219
91.6156 17.4762 101.7219
92.0193 18.1499 101.7219
91.9293 17.1485 101.7219
91.6250 17.9080 101.7219
91.3177 18.6669 101.7219
91.0072 19.4251 101.7219
90.6934 20.1827 101.7219
90.3761 20.9395 101.7219
90.0551 21.6957 101.7219
89.7304 22.4510 101.7219
89.4017 23.2055 101.7219
0.0000 0.0000 0.0000
0.0000 0.0000 0.0000
91.9478 25.2898 101.7219
91.0766 25.2532 101.7219
90.2059 25.2111 101.7219
89.3359 25.1635 101.7219
88.4667 25.1105 101.7219
87.5983 25.0520 101.7219
86.7308 24.9881 101.7219
84.8549 25.2393 101.7219
84.0304 25.5281 101.7219
83.2018 25.8118 101.7219
82.3692 26.0905 101.7219
81.5324 26.3640 101.7219
80.6916 26.6322 101.7219
79.8467 26.8951 101.7219
78.9978 27.1525 101.7219
77.3321 28.0766 101.7219
76.6690 28.6585 101.7219
75.9982 29.2370 101.7219
75.3195 29.8117 101.7219
74.6326 30.3826 101.7219
73.9373 30.9496 101.7219
73.2334 31.5125 101.7219
0.0000 0.0000 0.0000
0.0000 0.0000 0.0000
0.0000 0.0000 0.0000
0.0000 0.0000 0.0000
0.0000 0.0000 0.0000
0.0000 0.0000 0.0000
0.0000 0.0000 0.0000
0.0000 0.0000 0.0000
0.0000 0.0000 0.0000
0.0000 0.0000 0.0000
0.0000 0.0000 0.0000
0.0000 0.0000 0.0000
0.0000 0.0000 0.0000
0.0000 0.0000 0.0000
0.0000 0.0000 0.0000
0.0000 0.0000 0.0000
0.0000 0.0000 0.0000
0.0000 0.0000 0.0000
0.0000 0.0000 0.0000
0.0000 0.0000 0.0000
0.0000 0.0000 0.0000
0.0000 0.0000 0.0000
0.0000 0.0000 0.0000
0.0000 0.0000 0.0000
0.0000 0.0000 0.0000
0.0000 0.0000 0.0000
0.0000 0.0000 0.0000
0.0000 0.0000 0.0000
0.0000 0.0000 0.0000
0.0000 0.0000 0.0000
0.0000 0.0000 0.0000
0.0000 0.0000 0.0000
0.0000 0.0000 0.0000
0.0000 0.0000 0.0000
0.0000 0.0000 0.0000
0.0000 0.0000 0.0000
0.0000 0.0000 0.0000
0.0000 0.0000 0.0000
0.0000 0.0000 0.0000
0.0000 0.0000 0.0000
0.0000 0.0000 0.0000
0.0000 0.0000 0.0000
0.0000 0.0000 0.0000
0.0000 0.0000 0.0000
0.0000 0.0000 0.0000
0.0000 0.0000 0.0000
0.0000 0.0000 0.0000
0.0000 0.0000 0.0000
0.0000 0.0000 0.0000
0.0000 0.0000 0.0000
0.0000 0.0000 0.0000
0.0000 0.0000 0.0000
0.0000 0.0000 0.0000
0.0000 0.0000 0.0000
0.0000 0.0000 0.0000
0.0000 0.0000 0.0000
0.0000 0.0000 0.0000
0.0000 0.0000 0.0000
130.2370 -0.5092 22.7982
130.9505 -0.7870 22.7982
131.6642 -1.0643 22.7982
132.3781 -1.3412 22.7982
133.9557 -4.0445 22.7982
133.8458 -4.8639 22.7982
133.7360 -5.6833 22.7982
133.6263 -6.5028 22.7982
133.5167 -7.3222 22.7982
131.7457 -9.5052 22.7982
130.9349 -9.7996 22.7982
130.1229 -10.0924 22.7982
129.3095 -10.3837 22.7982
128.4948 -10.6734 22.7982
127.6787 -10.9614 22.7982
126.8492 -11.2493 22.7982
126.0269 -11.5300 22.7982
125.2032 -11.8087 22.7982
124.3779 -12.0855 22.7982
123.5511 -12.3603 22.7982
122.7227 -12.6331 22.7982
121.8927 -12.9036 22.7982
121.0610 -13.1720 22.7982
119.4159 -13.3709 22.7982
118.5336 -13.3078 22.7982
117.6517 -13.2421 150.2570
116.7703 -13.1738 145.9225
115.8894 -13.1029 143.5480
115.0089 -13.0296 137.7090
114.1289 -12.9537 133.2103
113.2495 -12.8753 130.9079
112.3705 -12.7944 128.2366
111.4921 -12.7111 125.2842
110.1383 -12.4112 121.6838
109.2980 -12.1122 118.4885
108.4593 -11.8111 115.4408
107.6224 -11.5080 115.4408
106.7871 -11.2030 111.2492
105.9534 -10.8960 108.4236
105.1212 -10.5873 105.9707
104.2906 -10.2769 102.2975
103.4614 -9.9647 91.6201
102.6337 -9.6510 91.6201
101.1135 -8.5752 77.6684
100.5794 -7.9325 74.3301
100.0467 -7.2894 70.2392
99.5151 -6.6460 70.2392
98.9846 -6.0023 65.2420
98.4551 -5.3583 57.4837
97.9263 -4.7141 57.4837
97.3432 -3.9569 49.9888
96.8555 -3.2815 48.4033
96.3682 -2.6060 45.4589
95.8810 -1.9306 42.9438
95.3939 -1.2553 46.3601
94.9067 -0.5802 46.3601
94.4193 0.0947 52.1553
93.9315 0.7694 53.7683
0.0000 0.0000 0.0000
0.0000 0.0000 0.0000
0.0000 0.0000 0.0000
0.0000 0.0000 0.0000
0.0000 0.0000 0.0000
0.0000 0.0000 0.0000
0.0000 0.0000 0.0000
0.0000 0.0000 0.0000
0.0000 0.0000 0.0000
0.0000 0.0000 0.0000
0.0000 0.0000 0.0000
0.0000 0.0000 0.0000
0.0000 0.0000 0.0000
0.0000 0.0000 0.0000
0.0000 0.0000 0.0000
0.0000 0.0000 0.0000
0.0000 0.0000 0.0000
0.0000 0.0000 0.0000
0.0000 0.0000 0.0000
0.0000 0.0000 0.0000
218.4048 58.4497 32.1585
217.0149 57.9322 33.6860
215.6656 57.3996 33.2823
214.3559 56.8526 36.9742
213.0849 56.2919 37.8779
211.8517 55.7181 39.5202
210.6550 55.1320 36.5910
209.4939 54.5341 40.4179
208.3671 53.9250 42.1133
207.2736 53.3053 43.7723
204.3801 52.3459 51.6692
202.9977 52.1298 53.9494
201.6295 51.8973 54.8842
200.2760 51.6486 55.1137
198.9380 51.3841 59.0479
197.6161 51.1041 59.4153
196.3108 50.8089 60.0425
195.0225 50.4990 64.8525
193.7517 50.1745 65.0837
192.4987 49.8360 65.4375
191.2638 49.4837 69.4795
188.3903 49.1594 69.3901
187.1090 49.2155 63.9788
185.8252 49.2570 60.6842
184.5395 49.2837 60.6768
183.2529 49.2958 59.6814
181.9660 49.2931 59.3235
180.6797 49.2758 59.2631
179.3947 49.2437 58.1542
178.1119 49.1969 57.2102
175.2905 49.5406 49.7132
174.0564 49.8889 49.7150
172.8044 50.2235 68.0431
171.5349 50.5440 61.5365
170.2481 50.8500 110.3646
168.9445 51.1413 109.9407
166.4510 53.6787 105.2872
165.5835 53.0101 105.2872
164.7430 52.3351 106.6070
163.9285 51.6540 106.1949
163.1388 50.9672 107.4591
162.3727 50.2749 108.6838
161.6291 49.5775 108.6838
160.9072 48.8752 109.9108
160.2058 48.1682 113.4662
159.5241 47.4569 115.6466
157.8637 46.2694 120.8701
156.9130 45.7990 120.2826
155.9787 45.3206 121.2561
155.0605 44.8343 120.7345
154.1581 44.3405 121.5554
153.2713 43.8393 121.0091
152.3996 43.3311 121.7837
151.5429 42.8161 121.7837
150.5381 42.2266 122.9634
149.6160 41.6954 122.6558
148.7096 41.1565 124.4919
147.8184 40.6104 128.6154
146.9421 40.0571 129.8860
147.0375 40.1557 129.8860
146.6142 39.3858 131.4940
146.2006 38.6143 130.9932
145.7964 37.8411 132.6590
145.4010 37.0665 133.4734
145.0141 36.2904 135.2132
144.6354 35.5129 135.2132
144.2644 34.7341 136.2828
143.9008 33.9540 135.5425
143.9347 34.1603 135.5425
144.0930 33.2916 132.8844
144.2487 32.4227 132.3677
144.4020 31.5538 132.3677
144.5531 30.6847 136.4373
144.7019 29.8156 136.9001
144.8488 28.9463 139.2545
144.9937 28.0770 142.1956
145.1368 27.2076 143.7064
145.2782 26.3381 142.6644
145.4181 25.4685 139.3246
145.3478 25.6193 142.6644
145.9431 24.9115 145.2814
146.5321 24.2018 146.4290
147.1150 23.4900 142.4574
147.6920 22.7764 149.7212
148.2634 22.0611 144.3988
148.8295 21.3441 145.4341
149.5419 19.4913 151.1149
149.5801 18.6990 151.1149
149.6183 17.9066 152.5570
149.6565 17.1143 154.1725
149.6949 16.3220 155.2532
149.7333 15.5297 155.2532
148.8238 13.3053 157.0318
148.2485 12.7618 155.7473
147.6759 12.2168 156.7717
147.1059 11.6704 155.4694
146.5384 11.1226 156.4949
145.9734 10.5735 155.1736
144.2133 9.6702 152.6752
143.4264 9.5258 134.3736
142.6403 9.3793 146.6189
141.8550 9.2307 111.3202
134.3168 1.7352 13.6519
135.1387 1.4644 24.4575
135.9606 1.1937 33.4974
136.7824 0.9232 33.8267
137.6042 0.6530 34.0364
138.4262 0.3830 34.0364
139.2481 0.1135 34.0364
140.0703 -0.1557 32.2169
140.8925 -0.4244 32.2169
141.7150 -0.6926 32.2169
142.5378 -0.9602 32.2169
148.3826 -9.1976 32.2169
149.1823 -8.9647 32.2169
149.9811 -8.7304 32.2169
150.7790 -8.4948 32.2169
151.5761 -8.2581 32.2169
152.3723 -8.0201 32.2169
153.1677 -7.7811 32.2169
152.2878 -7.6803 32.2169
153.0482 -8.1426 32.2169
153.8100 -8.6039 32.2169
154.5735 -9.0641 32.2169
155.3386 -9.5232 32.2169
156.1056 -9.9809 32.2169
156.8745 -10.4374 32.2169
157.6453 -10.8924 32.2169
158.4183 -11.3459 32.2169
159.1935 -11.7977 32.2169
159.9710 -12.2479 32.2169
160.7509 -12.6964 32.2169
163.3516 -11.9354 31.5712
163.6784 -12.7132 31.5712
164.0068 -13.4907 31.5712
164.3369 -14.2680 31.5712
164.6689 -15.0449 31.5712
165.0029 -15.8216 41.7244
165.3391 -16.5979 41.7244
165.6775 -17.3738 42.2354
166.0184 -18.1494 39.7922
166.3620 -18.9244 39.7922
166.7083 -19.6991 39.7922
167.0575 -20.4732 39.7922
167.4099 -21.2467 39.7922
167.7655 -22.0198 39.7922
168.1246 -22.7922 39.7922
170.6697 -24.3945 28.6564
171.4933 -24.4073 28.6564
172.3171 -24.4160 27.0829
173.1409 -24.4205 26.5926
190.0399 -16.1574 109.8308
189.8156 -16.9291 108.0597
189.5899 -17.7007 106.2668
189.3627 -18.4721 105.1351
189.1338 -19.2434 103.8813
188.9031 -20.0145 102.1806
188.6706 -20.7854 100.1411
188.4361 -21.5561 95.5727
188.2106 -22.3259 95.5727
187.9673 -23.1851 93.3450
187.7215 -24.0441 91.0157
187.4728 -24.9029 87.8143
187.2212 -25.7613 87.3220
186.9664 -26.6194 94.7696
186.7084 -27.4772 94.7696
186.4468 -28.3346 101.3532
186.1754 -29.2015 103.8004
185.9007 -30.0562 105.9358
185.6218 -30.9103 106.9633
185.3384 -31.7640 110.5640
185.0503 -32.6172 110.6575
184.7573 -33.4699 110.6575
184.1954 -34.6343 115.3522
183.7195 -35.3712 115.3522
183.2354 -36.1065 118.4975
182.7425 -36.8399 120.4302
182.2407 -37.5715 121.6149
181.7293 -38.3011 121.6149
181.2081 -39.0286 122.5971
180.6765 -39.7540 123.2234
180.1342 -40.4771 123.4015
179.5805 -41.1978 123.4015
177.8829 -42.4633 123.4015
176.9483 -42.8510 123.4015
176.0022 -43.2314 123.4015
175.0446 -43.6042 123.4015
174.0754 -43.9692 123.4015
173.0946 -44.3264 123.4015
172.1022 -44.6753 123.4015
163.7862 -43.9873 69.7172
163.3239 -44.6975 69.7172
162.8497 -45.4056 69.7172
162.3630 -46.1115 57.4531
161.8631 -46.8152 43.2358
161.3496 -47.5164 39.8282
160.8216 -48.2152 39.8282
139.7159 33.1264 18.1759
138.9559 32.6471 18.1759
138.2042 32.1629 18.1759
137.4609 31.6740 18.1759
136.7256 31.1806 18.1759
135.9982 30.6827 17.5285
135.2787 30.1805 22.2889
134.5667 29.6741 22.2889
134.3074 29.4249 22.2889
133.7137 28.7105 22.2889
133.1285 27.9932 54.6621
132.5515 27.2733 62.9775
131.9824 26.5507 72.1956
131.4208 25.8256 75.4073
130.8666 25.0980 75.4073
130.3193 24.3682 65.0845
129.0204 23.2010 59.7323
128.2660 22.7500 57.8900
127.5168 22.2951 54.6993
126.7727 21.8364 52.8627
124.8841 21.2336 44.9677
123.9881 21.1673 42.3164
123.0929 21.0959 39.7912
122.1987 21.0194 39.7912
121.3054 20.9378 39.7912
118.4014 22.8755 39.7912
118.2475 22.0743 39.7912
118.0949 21.2730 39.7912
117.9436 20.4716 39.7912
117.7934 19.6701 39.7912
117.6443 18.8686 39.7912
117.4962 18.0671 24.9860
117.3489 17.2655 24.9860
117.2026 16.4639 21.0939
125.5181 16.5423 39.2636
125.9905 15.9550 45.6196
126.4603 15.3669 54.3276
126.9279 14.7779 48.9762
127.6281 13.3448 57.1818
127.8267 12.5551 57.1818
128.0245 11.7654 61.5618
128.2215 10.9756 65.3390
128.4179 10.1858 68.7430
128.6137 9.3960 67.3590
128.8090 8.6061 67.3590
129.0040 7.8163 69.9237
129.1985 7.0265 72.9406
129.3928 6.2367 76.2097
129.5593 5.7479 76.2097
129.9065 4.9361 76.2097
130.2533 4.1244 22.7982
130.5999 3.3127 22.7982
130.9463 2.5010 22.7982
233.4369 39.9826 12.3286
233.1806 40.8417 1.2993
232.9170 41.7001 0.6179
232.6457 42.5578 0.8820
232.3661 43.4147 2.7835
232.0779 44.2709 2.4771
231.7804 45.1262 3.4801
231.6630 45.3235 3.4801
231.0162 46.0310 1.6029
230.3521 46.7346 1.8899
229.6700 47.4340 1.8899
228.9691 48.1290 5.0367
228.2484 48.8194 7.6453
227.5070 49.5049 6.0612
226.7442 50.1854 9.5749
281.3085 -44.9110 1.8513
281.5271 -44.0327 7.8887
281.7387 -43.1539 9.7397
281.9436 -42.2747 11.7153
282.1422 -41.3950 18.3677
282.3349 -40.5149 18.3677
282.5220 -39.6344 21.6872
282.7037 -38.7535 27.6265
282.8804 -37.8723 29.1550
283.0524 -36.9908 29.9473
283.3098 -35.9598 30.7407
283.5536 -35.1687 32.5703
283.7922 -34.3769 33.3969
284.0259 -33.5846 33.3969
284.2548 -32.7918 34.2339
284.4793 -31.9985 35.0680
284.6994 -31.2046 37.3544
284.9154 -30.4104 41.8113
285.1652 -29.5312 41.8113
285.4169 -28.6771 42.5378
285.6640 -27.8225 44.0299
285.9068 -26.9673 44.5363
286.1453 -26.1116 45.0417
286.3799 -25.2554 45.5465
286.4562 -24.7951 45.5465
286.4998 -23.9620 46.1201
286.5424 -23.1289 48.2474
286.5840 -22.2958 49.7543
286.6246 -21.4626 51.0140
286.6644 -20.6294 51.0140
286.7032 -19.7962 52.2385
287.1440 -20.7316 51.0140
286.5018 -20.2087 52.2385
285.8637 -19.6838 49.5453
285.2294 -19.1569 48.2182
284.5990 -18.6282 48.2182
283.9722 -18.0976 47.2959
283.3489 -17.5654 45.1954
282.5295 -16.7423 43.5389
281.9450 -16.0577 43.0725
281.3640 -15.3718 40.8322
280.7865 -14.6847 40.8322
280.2122 -13.9965 38.6306
279.6409 -13.3072 39.0231
279.0725 -12.6170 37.6062
278.3202 -11.3317 31.4452
278.0259 -10.5579 31.4452
277.7326 -9.7841 28.0980
277.4403 -9.0101 27.0441
277.1489 -8.2361 27.6537
276.8581 -7.4620 28.2480
276.5681 -6.6879 28.2480
276.2785 -5.9137 27.5336
276.1431 -3.9830 28.6709
276.3207 -3.1746 26.7287
276.4976 -2.3660 17.2593
276.6738 -1.5574 22.3831
276.8496 -0.7486 15.5900
277.0248 0.0603 11.9640
277.1997 0.8692 8.8400
277.6870 2.1760 8.8400
278.0763 2.8827 8.8400
278.4658 3.5894 8.8400
278.8555 4.2962 8.8400
279.2456 5.0030 8.8400
279.6362 5.7097 8.8400
280.0274 6.4164 8.8400
280.0787 5.0698 8.8400
279.7534 5.6326 8.8400
279.4272 6.1951 8.8400
275.6045 5.9949 11.5118
274.9514 6.5176 14.4076
274.2968 7.0390 15.1614
273.6403 7.5592 17.1490
272.9821 8.0781 18.0322
272.3219 8.5956 21.5856
271.6596 9.1116 21.5856
270.9951 9.6261 22.2027
270.7055 9.8026 22.2027
269.9789 10.1298 21.1085
269.2507 10.4551 20.8601
268.5208 10.7784 22.1756
267.7891 11.0996 21.4366
267.0557 11.4187 20.6593
266.1689 11.8549 20.6900
265.5116 12.2189 20.6900
264.8523 12.5810 20.2602
264.1910 12.9412 20.2572
263.5276 13.2995 20.2572
263.1711 13.4458 16.7983
262.3924 13.6875 12.7316
261.6120 13.9265 12.7316
260.8298 14.1627 11.3624
260.0459 14.3959 8.1406
259.2603 14.6261 6.9527
258.4729 14.8534 5.0830
257.6838 15.0776 5.0830
256.5201 15.5272 4.1253
255.7363 15.9108 2.4344
254.9494 16.2913 0.6926
254.1592 16.6684 2.1728
252.6357 18.0897 2.7580
252.3188 18.6987 3.1380
251.9993 19.3071 3.1380
303.9861 10.3497 94.5645
304.0979 11.1172 94.5645
304.2106 11.8846 88.5330
304.3243 12.6519 80.7313
304.4391 13.4191 80.7313
304.1311 15.3314 68.3891
303.7724 16.0392 67.2397
303.4115 16.7466 68.7701
303.0483 17.4536 68.7701
302.0569 18.6859 72.9453
301.4290 19.2063 77.3145
300.7975 19.7249 78.2236
300.1621 20.2416 82.7123
299.5227 20.7562 84.0485
297.5187 21.5217 92.9898
296.5757 21.5896 96.7365
295.6319 21.6527 100.4438
294.6873 21.7108 104.0753
293.7420 21.7642 107.9099
292.7960 21.8126 111.9201
291.8495 21.8561 116.1817
290.9024 21.8946 123.5824
289.9549 21.9282 123.5824
289.0070 21.9569 123.5824
329.0476 -52.7836 85.8017
330.2365 -52.9470 75.1181
331.4341 -53.0981 68.9491
332.6400 -53.2368 63.6777
333.8534 -53.3629 61.0956
337.2612 -54.7252 58.4787
337.9059 -55.3298 56.7725
338.5710 -55.9307 58.7019
339.2574 -56.5277 45.0130
339.7147 -59.0225 16.7935
339.1130 -59.8594 10.4017
338.4812 -60.6936 19.8000
35.8769 33.6694 69.9067
34.8771 33.5474 69.9067
33.8803 33.4169 69.9067
32.8867 33.2781 69.9067
31.8964 33.1309 69.9067
30.9096 32.9755 69.9067
29.9265 32.8120 69.9067
28.5964 32.6642 69.9067
27.6347 32.6093 69.9067
26.6744 32.5467 69.9067
25.7156 32.4765 69.9067
24.7583 32.3986 69.9067
23.8029 32.3130 69.9067
22.8494 32.2199 69.9067
20.5049 32.5834 69.9067
19.6026 32.9659 69.9067
18.6924 33.3414 69.9067
17.7740 33.7099 69.9067
16.8476 34.0711 69.9067
15.9132 34.4249 69.9067
14.9706 34.7711 69.9067
14.0200 35.1096 69.9067
13.0613 35.4402 69.9067
12.0946 35.7627 69.9067
64.0339 22.3140 73.1132
63.0946 22.4326 69.9067
62.1536 22.5453 69.9067
61.2111 22.6520 69.9067
60.2672 22.7527 69.9067
59.3218 22.8474 69.9067
58.3751 22.9361 69.9067
57.4271 23.0186 69.9067
56.4780 23.0950 69.9067
93.3536 1.6861 59.1165
92.9645 2.4017 59.1165
92.5746 3.1169 62.4630
92.1839 3.8318 70.1228
91.7921 4.5464 70.7796
91.3992 5.2605 77.0128
91.0051 5.9742 78.6088
90.6095 6.6874 80.7353
90.2125 7.4001 80.4474
89.7754 9.2617 86.8855
89.8091 10.1588 89.7863
89.8425 11.0560 92.2577
89.8756 11.9532 94.7191
89.9084 12.8504 97.1687
89.9409 13.7476 99.5889
90.4200 15.4516 101.7219
90.8161 16.1270 101.7219
91.2146 16.8019 101.7219
91.6156 17.4762 101.7219
92.0193 18.1499 101.7219
91.9293 17.1485 101.7219
91.6250 17.9080 101.7219
91.3177 18.6669 101.7219
91.0072 19.4251 101.7219
90.6934 20.1827 101.7219
90.3761 20.9395 101.7219
90.0551 21.6957 101.7219
89.7304 22.4510 101.7219
89.4017 23.2055 101.7219
91.9478 25.2898 101.7219
91.0766 25.2532 101.7219
90.2059 25.2111 101.7219
89.3359 25.1635 101.7219
88.4667 25.1105 101.7219
87.5983 25.0520 101.7219
86.7308 24.9881 101.7219
84.8549 25.2393 101.7219
84.0304 25.5281 101.7219
83.2018 25.8118 101.7219
82.3692 26.0905 101.7219
81.5324 26.3640 101.7219
80.6916 26.6322 101.7219
79.8467 26.8951 101.7219
78.9978 27.1525 101.7219
77.3321 28.0766 101.7219
76.6690 28.6585 101.7219
75.9982 29.2370 101.7219
75.3195 29.8117 101.7219
74.6326 30.3826 101.7219
73.9373 30.9496 101.7219
73.2334 31.5125 101.7219
130.2370 -0.5092 22.7982
130.9505 -0.7870 22.7982
131.6642 -1.0643 22.7982
132.3781 -1.3412 22.7982
133.9557 -4.0445 22.7982
133.8458 -4.8639 22.7982
133.7360 -5.6833 22.7982
133.6263 -6.5028 22.7982
133.5167 -7.3222 22.7982
131.7457 -9.5052 22.7982
130.9349 -9.7996 22.7982
130.1229 -10.0924 22.7982
129.3095 -10.3837 22.7982
128.4948 -10.6734 22.7982
127.6787 -10.9614 22.7982
126.8492 -11.2493 22.7982
126.0269 -11.5300 22.7982
125.2032 -11.8087 22.7982
124.3779 -12.0855 22.7982
123.5511 -12.3603 22.7982
122.7227 -12.6331 22.7982
121.8927 -12.9036 22.7982
121.0610 -13.1720 22.7982
119.4159 -13.3709 22.7982
118.5336 -13.3078 22.7982
117.6517 -13.2421 150.2570
116.7703 -13.1738 145.9225
115.8894 -13.1029 143.5480
115.0089 -13.0296 137.7090
114.1289 -12.9537 133.2103
113.2495 -12.8753 130.9079
112.3705 -12.7944 128.2366
111.4921 -12.7111 125.2842
110.1383 -12.4112 121.6838
109.2980 -12.1122 118.4885
108.4593 -11.8111 115.4408
107.6224 -11.5080 115.4408
106.7871 -11.2030 111.2492
105.9534 -10.8960 108.4236
105.1212 -10.5873 105.9707
104.2906 -10.2769 102.2975
103.4614 -9.9647 91.6201
102.6337 -9.6510 91.6201
101.1135 -8.5752 77.6684
100.5794 -7.9325 74.3301
100.0467 -7.2894 70.2392
99.5151 -6.6460 70.2392
98.9846 -6.0023 65.2420
98.4551 -5.3583 57.4837
97.9263 -4.7141 57.4837
97.3432 -3.9569 49.9888
96.8555 -3.2815 48.4033
96.3682 -2.6060 45.4589
95.8810 -1.9306 42.9438
95.3939 -1.2553 46.3601
94.9067 -0.5802 46.3601
94.4193 0.0947 52.1553
93.9315 0.7694 53.7683
